0.0319214579761
0.0325814942591
0.0342422295981
0.0344029689861
0.0339992461303
0.0351447914046
0.0351294275414
0.0354751950858
0.0357746218001
0.0352704222903
0.0340356606442
0.0343605495403
0.0349836347499
0.0337051640027
0.0342312518606
0.0344575023746
0.0335328396687
0.0318338521543
0.0319979554629
0.0322535005738
0.0323857699395
0.0316282127329
0.0301060711977
0.030785210143
0.0316900092511
0.0318351513469
0.0318481170675
0.0309332620335
0.0296199077755
0.0296048292252
0.0272016366298
0.0258817910578
0.0257984972296
0.0238618885666
0.0235595188238
0.0259929623246
0.0259407865938
0.0260898683699
0.0264835226561
0.0276258841769
0.0274986330111
0.0295508510944
0.0299620886072
0.0287954014155
0.0272520500542
0.0275019645424
0.0271331792866
0.0264834177942
0.0278282474238
0.0255873258172
0.0273479160144
0.0272339165954
0.0255045680725
0.0285345718567
0.0292329451656
0.0287915253316
0.0262126798181
0.0226232754113
0.0242586626303
0.0283767848973
0.0314306788154
0.0337597240819
0.0345932363945
0.034599846085
0.034320876764
0.0338642542178
0.0337046606659
0.0335267471557
0.0346688603018
0.0331944539394
0.033650269824
0.0341120579602
0.0340029290414
0.0341360837509
0.0345851990641
0.0349729864466
0.0351261226902
0.0337162306339
0.0324882560904
0.0329302516702
0.0343120591433
0.0348103185187
0.0350769083529
0.0355302713206
0.0355860273859
0.0357783613242
0.0351502380251
0.0353610965076
0.0347047644006
0.0336705586572
0.0324686915473
0.0320830424473
0.0338818594269
0.0334359577319
0.0340065867906
0.0340750193871
0.0334138246286
0.0333853131634
0.0355401911024
0.0354155287532
0.035981502093
0.0366809324634
0.0363025963808
0.0355175796066
0.0361388294779
0.0351407572807
0.0349441564406
0.0344518232199
0.0350924102405
0.0358641138975
0.035671735061
0.0343675182676
0.0343456525878
0.0347629708199
0.0348855574983
0.0359571108496
0.0356443921247
0.0357680201349
0.0354980844164
0.0359213598601
0.0359799302257
0.0353519486053
0.0364494640227
0.0369952618233
0.0368377037082
0.0369610820297
0.0370902081883
0.03718420144
0.0369808405578
0.0361594492655
0.0361928635587
0.036338006662
0.0369576548898
0.0356963698
0.0353119765725
0.0358106953695
0.0367093782371
0.0362841354883
0.035540219658
0.0365856946639
0.0367186135835
0.0356030905608
0.035895996153
0.0357528003694
0.0360651593698
0.0355549914547
0.0360256804551
0.0352689574575
0.0364775682371
0.0368775936928
0.0361887575995
0.0352461726742
0.036243169172
0.0350568095052
0.0346061600562
0.0345419887526
0.0346144279053
0.0339676948036
0.0335242417113
0.034117485081
0.0351927001558
0.0337672076856
0.0335985068654
0.0340032869455
0.0353825722544
0.0358600603746
0.0359543933801
0.0348747102035
0.0354350906478
0.0340053992195
0.0345022993736
0.0329872184103
0.0337340861908
0.0325796164901
0.0326631444283
0.034494242474
0.0338505071049
0.0356640250763
0.0355529223046
0.0359550373531
0.0367917819719
0.0362507629071
0.036535481826
0.0367795757481
0.0365293451514
0.0356309293985
0.0358564731755
0.0352967667354
0.0354338378959
0.035614298988
0.0355970774695
0.0351449815308
0.0341277993591
0.0342663954994
0.0334674186541
0.0336049976967
0.0335458994442
0.032694465971
0.0332711628229
0.0315117520875
0.0300077574563
0.0316387382702
0.0302841707292
0.0320717831291
0.0332901225845
0.032807348626
0.0336601452144
0.0323493812082
0.0320163182126
0.0320625952611
0.0305929446963
0.031784809203
0.0325718422575
0.0330853771725
0.0337673707657
0.0345758320409
0.0325738261355
0.0313237580509
0.0317297894524
0.0337345194369
0.0336814075664
0.0346364763971
0.0348226065496
0.0347456552124
0.0344227041827
0.0343929217924
0.0343546364926
0.0341940243093
0.0331616767392
0.0305579495307
0.0286731374282
0.0292137653312
0.0305470121733
0.0325488246341
0.0322090687108
0.0339296344351
0.0343446786945
0.0352357199452
0.0350906026729
0.0353442353387
0.0349887353864
0.0343900264938
0.0345238297724
0.0352357926366
0.0350451516203
0.035333736964
0.03529677966
0.0345023249237
0.0344705550265
0.0348567895369
0.0343286452531
0.0340680334591
0.033889142823
0.0337585920556
0.0339595531627
0.033604578938
0.0336209710047
0.033345097972
0.03269676662
0.0322311307086
0.0325205929253
0.0325549486395
0.0314983636585
0.030873772285
0.0311471137349
0.030037726297
0.0303816319557
0.0299648973696
0.0285934161898
0.0290823976849
0.0276182761072
0.0270542383802
0.0257002455969
0.025829985618
0.0268234858969
0.0264602542514
0.02794028451
0.0291169256955
0.0311866649404
0.0293651831993
0.0310844145986
0.0312287261024
0.0302290507469
0.0303346311409
0.0316765220066
0.0319558279636
0.0328827898681
0.0322586029371
0.0338961664723
0.0332890136492
0.0337745374974
0.0347562467073
0.0347721581781
0.0342889355581
0.0341733435354
0.0334911789923
0.0333779605768
0.0338604879959
0.0338531962541
0.0336581193942
0.034259039732
0.0347043136786
0.0341948392328
0.0344724869442
0.0345186143724
0.0348004564356
0.034529228684
0.0349271244603
0.0347388167193
0.034573300074
0.0340442408791
0.0343898007309
0.0342749399264
0.0336868468694
0.033441694394
0.0325773189864
0.032757763948
0.032306133519
0.0314852750195
0.0315456755976
0.0313338082186
0.0301121502591
0.0306118050875
0.0303680752495
0.0315635766621
0.0310363533832
0.0314774270835
0.033638762498
0.0337653838477
0.0340902265256
0.034187851973
0.0347551155585
0.0346785603373
0.0345438359289
0.0337252700199
0.0340458421887
0.0334391949069
0.0345512818266
0.0337600451375
0.0335282295917
0.0330952153643
0.0327670593212
0.0332872292725
0.032673034293
0.0334823426114
0.0340965108056
0.0335511544489
0.0334653297474
0.0328317743887
0.0329048384896
0.0329152137113
0.0331034501152
0.0327393675812
0.0335128821733
0.0333651220019
0.0331770128212
0.0328488979001
0.0322549966959
0.0320525733153
0.0319578402449
0.031698286529
0.0323383605177
0.0329288097467
0.0327211184879
0.032461884032
0.0317914822635
0.031047872423
0.0309854866587
0.0309534333254
0.0309040458349
0.0309976652429
0.0302530958285
0.0303900467352
0.030060983209
0.0296728265719
0.029422683296
0.0285556094829
0.0293471611376
0.029067219814
0.029092709781
0.029969122092
0.030311835612
0.0300053635555
0.0290721396816
0.0289931440572
0.0290883981837
0.0288593793463
0.0299324129987
0.0300883424143
0.0303467059049
0.0305123537056
0.0302710460495
0.0294283170926
0.0293092874028
0.0300531151977
0.029952219942
0.0297661560855
0.0295344961566
0.0292209939593
0.0289519844434
0.0279421567132
0.0275069116819
0.0269432715738
0.0277982282715
0.0298008017559
0.0287127987118
0.0285263399347
0.0296397016836
0.0305998390886
0.0307064629
0.030268458741
0.0295690471262
0.0287612593035
0.0281149980704
0.0282056641145
0.0287129200635
0.0279429768976
0.0281921455676
0.0285568453043
0.028124754458
0.0288643970963
0.0281865752625
0.0272451092472
0.02767423223
0.028691973727
0.028630125561
0.0295059421065
0.0298813217868
0.029964027484
0.0295273335293
0.0293167979903
0.0280518122332
0.0288587110636
0.028745737843
0.0282531780756
0.0281735395863
0.0285918265773
0.0279343533027
0.0281190435787
0.0273454254108
0.0281242936462
0.0279420220217
0.0271605745511
0.0267051410135
0.0268824929245
0.0254448977103
0.025558194723
0.0245153485333
0.0232192457537
0.0233987009283
0.022450712734
0.0244181453789
0.0252645916778
0.0243438984697
0.0252093816683
0.0243498381169
0.0244871667681
0.026529143433
0.0275911995348
0.0277051661515
0.0278243984793
0.0283783587226
0.0283918531225
0.0276550054575
0.0271199190886
0.0273806911969
0.0272388744172
0.0272809393932
0.0273691798511
0.0272289699846
0.0274115504404
0.027154560863
0.0280084064647
0.0273982503416
0.0274899014396
0.0274300651729
0.0268187263464
0.0264209070312
0.0259390730906
0.0254181368074
0.0255258022117
0.0243822967673
0.024782061071
0.0242512496074
0.024117029238
0.0244564562442
0.0257112972963
0.025740388407
0.0254381775476
0.0244876992859
0.0251303946958
0.0252461708128
0.0258186815242
0.0262440350398
0.0264101851515
0.0261432119607
0.0261535269567
0.0261463197721
0.0258140434554
0.025072552615
0.0254199051038
0.0253886303503
0.0253694692792
0.0249310383519
0.0243646541313
0.02384377164
0.0240213846862
0.0240657076783
0.0227172810592
0.0238248727037
0.0230408181447
0.0232169690882
0.0228517300726
0.0226654641391
0.0234323183253
0.0237990331597
0.0234552600778
0.0235698417972
0.0232872508051
0.022655201045
0.0231548515744
0.022583672201
0.0224862820089
0.0220784228858
0.0213677219665
0.0200711014647
0.0207011251685
0.0204803715563
0.0200193182211
0.0182669211192
0.0183527706601
0.0194693020444
0.0201622630639
0.019868689878
0.0207998945609
0.0208467711739
0.0201671869166
0.0208416373316
0.0212969920235
0.0211103168151
0.0209485472944
0.0212938722038
0.0217941095981
0.0228399898484
0.0233999042137
0.0219709959618
0.0216718319785
0.0209378391793
0.0207763476897
0.0213456645036
0.0208956371951
0.020160561638
0.0191078130151
0.019094138791
0.0189661184974
0.0181335912756
0.0176448576896
0.0179212783141
0.0176479575264
0.0173830177846
0.0189190132374
0.0193075169395
0.0189950364671
0.0182260169267
0.0189222477911
0.0186817390739
0.0195818825352
0.0198276726461
0.0206171788176
0.020867819843
0.0208511039408
0.0208686368206
0.0210234910001
0.020606431264
0.0209371266362
0.0216555619581
0.0221014683113
0.0218299492414
0.020851623952
0.0207884552983
0.0210790064374
0.0214399219402
0.0213826139532
0.0216859050934
0.0220943011147
0.0219023511583
0.0214102779982
0.0208736207242
0.0205561146988
0.020206410627
0.020556025617
0.0206041159538
0.0206868884994
0.0191028285041
0.0191036806651
0.0181847019055
0.0178607499855
0.0170954167521
0.0169055903959
0.016908418641
0.0165772225809
0.0170496729611
0.0161971608696
0.0155162668303
0.0146726162569
0.0160584017913
0.015728527898
0.0183381204729
0.0197020372941
0.0191979319885
0.0184439310348
0.0192016240841
0.0177300633862
0.0183239889576
0.019534052434
0.0196053638144
0.0188128551198
0.0181845616989
0.0196292745032
0.0200889794777
0.0191757094176
0.0205153188125
0.0198262756442
0.0201677279419
0.0194839324373
0.019521375717
0.0196229557821
0.0200100004902
0.0194598588119
0.0194156693277
0.0184342353096
0.0187737423972
0.0183935723384
0.0173857452039
0.0174204467657
0.0172236883393
0.0174897908249
0.0169776281544
0.0164178047542
0.0161978685768
0.0153286952853
0.0145813469379
0.0156736679156
0.0157371693865
0.0153581926189
0.0149902018835
0.0145925443041
0.0141599858654
0.0130796075569
0.0127761757028
0.0123524888864
0.0127542748323
0.0142389703361
0.013123281859
0.0157751420311
0.0162928035566
0.0158757734543
0.0149649821448
0.0145123494234
0.0137536174768
0.014024264684
0.0136912836487
0.0148970334541
0.01461149643
0.0148414364238
0.0148937380986
0.0151118229079
0.0146651633073
0.0151427769384
0.014801992374
0.0153896768934
0.0148976876058
0.0150695592725
0.0156354149002
0.0158965528846
0.0152887428838
0.0152695788929
0.0152162482783
0.0148468087376
0.0146471897328
0.014553500759
0.0141039062224
0.0134003618246
0.0130155974233
0.0130171915695
0.013421324468
0.0120741849427
0.0114057699228
0.0129424737632
0.012198115864
0.0126108513572
0.0140763083763
0.0134688878242
0.0137478986503
0.0133082632586
0.013201488897
0.0127450982557
0.0128960857564
0.0125474986618
0.0128918966463
0.0129690714464
0.0121473013626
0.0132140112828
0.0127914770649
0.0130972063417
0.0136080208181
0.0132575360125
0.0136971088608
0.0133580135035
0.0134824416244
0.0137646318705
0.0132539341528
0.0128600890693
0.0123593476104
0.0124876731781
0.012094148875
0.0120821597039
0.0120549028095
0.0114012143622
0.0111349873726
0.0113927844316
0.0115217913305
0.0110747933826
0.0111830918344
0.00958347338069
0.00827661431595
0.00907964126583
0.00915345664443
0.00920900266049
0.00921539386857
0.00985019363507
0.00967715959303
0.0103606711345
0.00956476261847
0.00855279073463
0.00877320015468
0.00941910577128
0.00905925966756
0.00847610087228
0.0084611030397
0.00787594556865
0.00755939561577
0.00743818701763
0.00755310166003
0.00803207775026
0.00830014425996
0.00789227376249
0.00716457855935
0.00766652598667
0.00760756483748
0.00656516840679
0.00625525935784
0.00608052523326
0.00464139072046
0.00418279232092
0.00448574936764
0.00612795598699
0.00663696559202
0.00680962170064
0.00672048443174
0.00730013705064
0.00936719873633
0.00860344567879
0.00837742671211
0.00930173579082
0.0083904785258
0.00792516987698
0.00817506236023
0.00788948452033
0.00771487736322
0.00902375109313
0.00942450620062
0.0105093622702
0.0107060347617
0.0099294937588
0.00928910735707
0.00843377381401
0.00862423161808
0.00850337551191
0.00906750648679
0.00972193471486
0.0101404894628
0.0101456076322
0.00929255244887
0.00897970719094
0.00886590489443
0.00859000947945
0.00877254699932
0.00792996144891
0.00835476747618
0.00918102674582
0.00953343364193
0.00953298751294
0.00952942595447
0.00904187340614
0.00906746655544
0.00939883005968
0.0090141355696
0.00772747530626
0.00705173890869
0.00662048373013
0.00695837825399
0.00624376542166
0.00456315899557
0.00418958096329
0.00435877718137
0.00389870665062
0.00436779274274
0.00451728869412
0.0045826687641
0.00483248560961
0.00448647307115
0.00483391639955
0.00480195437695
0.00499193250072
0.00494793025191
0.0051425967212
0.00453813228532
0.00447090178278
0.0044288761933
0.00462257915326
0.00441231738412
0.00409963083851
0.00392855887197
0.00350118688148
0.00327226954738
0.00215909515088
0.0025841762384
0.00291787142513
0.0032335093473
0.00361447489777
0.00233925660973
0.000710787825017
0.000454670031717
0.00095828254986
0.00129325199753
0.00177835140969
0.00176702410184
0.0016615592257
0.00122027852189
0.00147331259268
0.00020473196781
0.000155519313172
0.000117009228119
0.000915746525868
0.000960269663915
0.00169672199434
0.0023122732934
0.00187348318282
0.00169081243995
0.000409195905093
0.000360956534912
-0.00035234163696
-0.000865078972854
-1.07398670057e-05
-0.000378688698721
0.00110980869939
0.00129089559313
0.000570976268825
0.000391098442357
-0.000281350885329
-0.00125505847917
-0.00102205892207
-0.00180572457585
-0.00117486977689
-0.00148675135664
-0.00161391409292
-0.00314431995478
-0.00387350267151
-0.00352977757307
-0.00222403340388
-0.00201080871877
-0.00104020415946
-0.00154603049457
-0.00127533896328
-0.00145821917522
-0.00169610955498
-0.00187491892793
-0.00254266230953
-0.00220116108896
-0.0013520823782
-0.00115092177059
-0.000569966655235
0.000344351636641
0.00139075272384
0.00104774920292
0.00157347081609
0.00221011346149
0.00241812417176
0.00358370408322
0.00439170926043
0.00477051326002
0.00424205422393
0.00444650003509
0.00437800161963
0.00367526678428
0.00301183071889
0.00250733622734
0.00298324617613
0.00304349509888
0.00325695508369
0.0037071171577
0.00285525414846
0.00265966619225
0.00363854977457
0.00272871632837
0.00202363723593
0.00309327473531
0.00388298583812
0.00422095610537
0.00511375119662
0.00566337976881
0.00524595499976
0.004932264913
0.0049682464075
0.00521059277525
0.00558306525872
0.00470040320221
0.00426801120127
0.00499903193924
0.00523991038441
0.00556236268073
0.00539323666756
0.00559183147858
0.00513153192787
0.00535111552602
0.00400205026292
0.00391733200615
0.00356435980915
0.00282309009877
0.00216308740862
0.00334018092592
0.00388969105625
0.00416734280017
0.0037140713037
0.00389574462196
0.00370319031071
0.00352480955788
0.00370364496787
0.00332653170203
0.00354562474513
0.00340712788637
0.00315095880012
0.0022080948822
0.00260768358554
0.00293462104524
0.00243281259404
0.00314940065619
0.0034524168184
0.00334245422557
0.00324812004885
0.00312728436343
0.00217498339708
0.00200151501127
0.00160344954927
0.00167666434216
0.00193461785324
0.00239647141719
0.00264140496993
0.00192551758176
0.00187970324869
0.00182470626511
0.00186727575449
0.00142102523461
0.000393095340505
0.00108487179757
0.00152009281697
0.00143590670085
0.00113128453077
0.000623679792438
0.00025997830455
0.000348127498898
0.000144917907367
4.00357656815e-05
-0.00182349706318
-0.00180984468982
-0.00259683567786
-0.00176799605097
-0.00133940047089
-0.00167533392276
-0.00251073800338
-0.00308804163841
-0.00489898955874
-0.00422900493064
-0.00454258561447
-0.00479452695058
-0.00424406585913
-0.00332434259473
-0.00210058085054
-0.0031556312968
-0.00165778448237
-0.00168281346839
-0.00194727287878
-0.00264822031148
-0.00313816926507
-0.00289199335792
-0.00589995928687
-0.00639524705753
-0.00801022714083
-0.00803524348024
-0.00675406174799
-0.0065735535671
-0.00536317179492
-0.00493590892554
-0.00377062282629
-0.00249127122379
-0.00226840798675
-0.00152317673492
-0.00261057548819
-0.00327875525332
-0.00084451349705
-0.00117386306817
-0.00182809609531
-0.00147969528569
-0.00249620057773
-0.00353978708771
-0.00190328336438
0.000264911987969
0.000496750477649
-0.00179487896633
-0.00245965661724
-0.00156176355
-0.00260487946024
-0.00373336487042
-0.00439368363726
-0.0032736587268
-0.00482179668079
-0.00362966112521
-0.0044410228617
-0.00412240455898
-0.00492584035984
-0.00489049586946
-0.00691686682661
-0.00651928740536
-0.00762424803566
-0.00899292918162
-0.0101336060895
-0.00846739839816
-0.0072035063978
-0.00776334378709
-0.00654698627327
-0.00692070473729
-0.00828303164706
-0.00857248988625
-0.00651784460105
-0.0041400515637
-0.00389810755967
-0.00307108028655
-0.00330612051818
-0.004473567902
-0.0051503085659
-0.00564464165504
-0.005625249784
-0.00405285187284
-0.00312342093434
-0.00472406991535
-0.0042331070782
-0.00280850873201
-0.00186352087089
-0.00215662097149
-0.00225934991929
-0.00367966723859
-0.00479132345374
-0.00440222240181
-0.0047835895453
-0.00627036695723
-0.00670018509734
-0.00614334438188
-0.00345331589678
-0.00347233462498
-0.00288155567798
-0.00450178117094
-0.00494372996754
-0.00715122071329
-0.00518376503863
-0.0076481570513
-0.00403065873514
-0.00343315639277
-0.000145776055084
0.000304386153076
0.00171623389507
0.00202083583796
0.00262395430802
0.00301931870719
0.00463628769511
0.00509403829885
0.00561737627209
0.00576413882727
0.00472983783702
0.00442372752421
0.00360890606944
0.00387903893183
0.00391362555443
0.00412456576738
0.0036354893353
0.00381244988133
0.00529283279892
0.00588457111371
0.00522568560271
0.00519866265248
0.00508809954596
0.00426097635571
0.0033654781413
0.00259906286722
0.00202392864956
0.00137903373661
0.00206711984215
0.0024712762756
0.00280685727791
0.00187480070661
0.00172544884224
0.00143932600902
0.0015995807649
0.00266527759176
0.00185343040076
0.00187200679037
0.00270841492672
0.00197729256466
0.00259364989721
0.00251961491983
0.0033338345847
0.00375525677309
0.0040268763078
0.00571468493087
0.00510310866477
0.0047983757931
0.00442822013638
0.00427217342137
0.00421325007289
0.00502881474541
0.00561906170477
0.00565214793868
0.00507105159143
0.00490089404303
0.00493532734218
0.00566853086344
0.00551895738453
0.00655173257194
0.00613357489607
0.00601184628837
0.00560968142056
0.00650385104309
0.00684270149511
0.00726557258349
0.00774080515196
0.00767721541327
0.00754669757419
0.00696703630985
0.00627681214713
0.00630043006215
0.00608428763138
0.00523196894324
0.004731203026
0.00549823206895
0.0052384052751
0.00543653686047
0.00560114809171
0.00634684279726
0.00678828319425
0.00687123673546
0.00705669709561
0.00665204649834
0.00619504998472
0.00582184744528
0.00548005196839
0.00551011189273
0.00487636294326
0.00453883851869
0.00479874389593
0.00479240138138
0.0041383211836
0.00367002420227
0.00371009087751
0.00270254970757
0.0020444861755
0.000934786986392
0.00230096031204
0.00277690432543
0.00341423057032
0.00282869784787
0.00432022019383
0.00451905784724
0.00396570118409
0.0044916843846
0.00497310867999
0.00414351393205
0.00412371758032
0.00500883649507
0.00478133166778
0.0040488565522
0.00413659606573
0.00430765928231
0.0059337556954
0.00618547405121
0.0062423669197
0.00582203387289
0.00588927343154
0.00576871446014
0.00539185925247
0.00550203030781
0.0060272615047
0.00550603081986
0.00488568818154
0.00514083096531
0.00487089630652
0.00511352428369
0.00391264558391
0.00373533142851
0.00532927050047
0.0051810476145
0.00459363200124
0.0049173087266
0.00474816888508
0.00418881491177
0.00405163069883
0.00481488321556
0.00476833860297
0.00464624044536
0.00537767280851
0.00451188099989
0.00421223618134
0.00435261506291
0.00435311486653
0.00442211620398
0.0040988979633
0.00415653163827
0.0035672172056
0.00335252189835
0.00343038877414
0.00338658461048
0.00313556940272
0.0030964388204
0.00311410737461
0.00265638944725
0.00216691690226
0.00213004601506
0.00204759096944
0.00169401952123
0.00200973282278
0.0020040824381
0.00188794685178
0.00134903587309
0.000885697251621
0.00078903933309
0.000910794522304
0.000839570867804
0.000343955750457
-0.000936628202201
-0.00236124530891
-0.0018549855644
-0.00187496287694
-0.00118030382466
-0.00198045970197
-0.000797304792359
-0.000748698998162
-0.000808889600962
-0.00131801893194
-0.00134593675846
-2.6753853211e-05
-7.95011001385e-05
0.000841199263149
0.00111566269317
0.000558659633289
0.00152655565182
0.00135881160496
0.000910048278211
-0.00116434188537
-0.00158521153416
-0.00201390008582
-0.00196151885179
-0.00176801035803
-0.00217497806527
-0.00167633244015
-0.00167819361013
-0.00193311282904
-0.00220023439179
-0.00196400675324
-0.00283753712525
-0.00137371617488
-0.00171028661678
-0.00105326460174
-0.000797734138434
-0.00123850499996
-0.00137977237794
-0.00143157695549
-0.00182256754287
-0.0016392959285
-0.00201145836378
-0.00320914967722
-0.00306244759608
-0.00335257061902
-0.00307105373838
-0.00271187158025
-0.00322724827955
-0.00275801885736
-0.00384447048269
-0.00333518247102
-0.00326518096719
-0.00313889995545
-0.00421565270793
-0.00398404605532
-0.0044393661738
-0.00471624913605
-0.00488615226566
-0.00549413146961
-0.00589586558396
-0.00608439023451
-0.00655325886539
-0.00585204938736
-0.00693150539528
-0.00735009236943
-0.00866487503695
-0.00913131350405
-0.00828706989415
-0.00944862656173
-0.00911612512744
-0.00938516378053
-0.00848671910068
-0.0080776426777
-0.00780534144906
-0.00698485055265
-0.00707771832793
-0.00740638561319
-0.00735275993
-0.00693180111081
-0.00671639444404
-0.00498886319802
-0.00450304305784
-0.00463694560858
-0.004504129468
-0.00446134791272
-0.00502002612101
-0.00429011651068
-0.00548767991296
-0.0053567087139
-0.00552952373903
-0.0053140410769
-0.00536854549942
-0.00616205297316
-0.00677992149078
-0.00821516035603
-0.00746878512334
-0.00816575240868
-0.00826615816542
-0.00658838389882
-0.00681597120993
-0.00674736085182
-0.00786036228039
-0.00791814794239
-0.00884969944797
-0.00912730023691
-0.0107432517837
-0.0108725693384
-0.0104394443652
-0.0098916783832
-0.00944756238884
-0.00755487596137
-0.00691733421601
-0.00722430356771
-0.00622404645385
-0.00621682983904
-0.00542385179718
-0.0051677241478
-0.00541429173001
-0.00571592967511
-0.00566410505964
-0.00705094587116
-0.00709055129735
-0.00710646908719
-0.00889132270355
-0.00835501782571
-0.00889364412665
-0.00822251674144
-0.00636602200613
-0.00605847981486
-0.00732763818641
-0.00644797832725
-0.00566400517397
-0.00774370234952
-0.0076963501286
-0.0080028610401
-0.00683420636245
-0.00805959982316
-0.00551350445507
-0.00510160135678
-0.00406528999813
-0.00366876248283
-0.00275595107499
-0.00181973851961
-0.00292333500885
-0.00290268126951
-0.00494300075833
-0.00404035097586
-0.00173704234367
-0.000970024869341
0.000467345169591
-0.000267847891911
0.000930670328786
0.000219237119431
-0.000348516120628
0.00125725846492
0.00144234561502
0.000739173660511
0.000764190226359
0.000807913425424
0.000328415419031
0.000109470473301
0.00139444258167
0.00132409494802
0.000301766896635
0.0003850659095
0.000255110749607
-0.000187618586096
-0.000428228195873
-0.000121889245037
-0.000109846782917
-0.000503199731673
-0.00117493630689
-0.00070489174528
-0.000385001165756
-0.000715727365783
-0.000886751573275
-0.000705590613032
-0.000191969316618
-0.000574191047068
-0.00108185585853
-0.000557220474946
-0.000524192971898
-0.00107213727449
-0.00189729921204
-0.00198446346678
-0.00227487700133
-0.00246420155084
-0.00236635081901
-0.00233329553336
-0.00223601960468
-0.00327380493078
-0.00336913842329
-0.00380059340744
-0.00393768083251
-0.00466355396342
-0.00517638463114
-0.00503428429998
-0.00545908094119
-0.00465023933975
-0.00461938463761
-0.00446959462326
-0.00496030696413
-0.00489882123939
-0.00623508227949
-0.00603770213885
-0.00718435844334
-0.00692484384284
-0.00788011399793
-0.00708250744181
-0.00719770507968
-0.00500267747074
-0.00476530761739
-0.00606377859918
-0.0070019008066
-0.00609018775113
-0.00560564453498
-0.00582242320501
-0.00543185180856
-0.0055702764264
-0.00420501680135
-0.00241566182022
-0.00159395129151
-0.00218199249818
-0.00116503383977
-0.001398455386
-0.00210725279906
-0.00123372841014
-0.00167955840271
-0.00199545215826
-0.00261812365489
-0.00330120408047
-0.00397379054456
-0.00527301155625
-0.00493314003963
-0.00492751156478
-0.00488446497896
-0.00481175713413
-0.00503171030239
-0.00548182377527
-0.00581064733266
-0.00602364077172
-0.00640098435645
-0.0052869070622
-0.00558958127489
-0.00532923657751
-0.0058686371173
-0.00585377019716
-0.00600399863633
-0.00639637349433
-0.0054724075122
-0.00507175662629
-0.00478767401381
-0.00429369114674
-0.0045940618411
-0.00540302750319
-0.00600751200146
-0.00478016413357
-0.00556771157701
-0.00533902314911
-0.00618251022726
-0.00595661813957
-0.00535727005777
-0.00554510539882
-0.00571694030628
-0.00670164933174
-0.00716113425035
-0.00622533840485
-0.00682313074901
-0.00675679255353
-0.00842909536491
-0.00881880769229
-0.0096484906188
-0.0102422387771
-0.00989745924609
-0.0105939531617
-0.00892318148746
-0.0102372515931
-0.00848770627482
-0.0078413962226
-0.00675097769035
-0.00599248462441
-0.00636596962724
-0.00570285054767
-0.00489942197405
-0.00541087632267
-0.00494304892295
-0.0049674761313
-0.00598818661773
-0.00611467407422
-0.00653784057387
-0.00688977715056
-0.0075288524623
-0.00777606069332
-0.00889326772428
-0.00989583532526
-0.00950887600086
-0.00764904762893
-0.00723352247473
-0.00749209253929
-0.00838071984238
-0.00787396848149
-0.00697157803217
-0.00616235383801
-0.00689698230082
-0.0066063020963
-0.00641006621698
-0.00611225327539
-0.00721584001323
-0.00766686704476
-0.00807298010812
-0.00822509199081
-0.00891058129455
-0.00913334912193
-0.00970780067201
-0.0102214702942
-0.0111047356715
-0.0111905682378
-0.00989462679046
-0.00930151149194
-0.00923842127537
-0.00953570649012
-0.00934332008223
-0.00988086940296
-0.00974422248851
-0.010906195936
-0.0115412846875
-0.0116536819981
-0.012214662581
-0.0106911481115
-0.0100926519549
-0.0104628629301
-0.0111023721852
-0.0103818527046
-0.00993565295093
-0.0105636758085
-0.0102438243378
-0.0105561611578
-0.0107636339732
-0.0119269615187
-0.012805677185
-0.013813085722
-0.013201235604
-0.0126654392438
-0.0133507462299
-0.013375742209
-0.0147810502806
-0.0149941491132
-0.0148787410208
-0.015594991951
-0.0157927060197
-0.0161662216638
-0.0179502421823
-0.0185270228468
-0.0197855871267
-0.0193495767967
-0.0194938700943
-0.0191994610665
-0.0183042302682
-0.0180880111935
-0.0166548147073
-0.0172136225396
-0.0167684751089
-0.0173708404671
-0.0171236284877
-0.0183429193594
-0.0185746288213
-0.0190624893595
-0.017218192631
-0.0177548251701
-0.0179621367014
-0.0175004213384
-0.0169013801609
-0.0156289041746
-0.0153873704254
-0.0155508710143
-0.0153085483853
-0.0153487298646
-0.0154844390208
-0.0150054511685
-0.0157169921715
-0.0145091483733
-0.0148891164223
-0.015738618497
-0.0165269480774
-0.0176779239949
-0.0166492391126
-0.0176721334437
-0.0176519249665
-0.0171363130907
-0.0174011908697
-0.0174556563582
-0.0187517659924
-0.0181509451797
-0.0188005150922
-0.0173819279318
-0.017160578871
-0.0157088890147
-0.01745213624
-0.016707047075
-0.0180231241724
-0.017732959604
-0.0194807774724
-0.019676362957
-0.0195590875125
-0.0209170872809
-0.0206046013252
-0.0202599024594
-0.0212694790998
-0.0224104373631
-0.0220579695145
-0.0227553607634
-0.0209647557853
-0.0210194653746
-0.0211951598894
-0.0219204650156
-0.0210358232989
-0.0214790076299
-0.0229444253187
-0.0230859807821
-0.0219060148807
-0.0220197176486
-0.0221033123615
-0.0227114817808
-0.0233972306208
-0.0238522825866
-0.0223440320833
-0.0212182340579
-0.0219215030231
-0.0230865577369
-0.0221664027438
-0.0250647246533
-0.024156937214
-0.0241939547109
-0.0258253007315
-0.0270200489551
-0.0268889469733
-0.0277387737106
-0.0300185942279
-0.0302251513043
-0.0323433826088
-0.0315073357746
-0.0317946758041
-0.0307237945914
-0.0307467958093
-0.0306148938056
-0.0285650921788
-0.0270322759385
-0.027048980456
-0.026159342423
-0.0270632196914
-0.0258785842755
-0.0255974451485
-0.0243411525306
-0.0243048239587
-0.0224677112575
-0.0220297094457
-0.0214723334566
-0.0226590973963
-0.020383505487
-0.0205218762915
-0.0219849468749
-0.0228175801029
-0.0228368299172
-0.0232366018161
-0.0225848549901
-0.0218820946597
-0.0208173983888
-0.0221914536272
-0.0225629320507
-0.0226040229788
-0.0231306096879
-0.022634168996
-0.0239178525853
-0.0216833647167
-0.0220916156724
-0.0221514639319
-0.0203926789866
-0.0205079412229
-0.0190715933164
-0.0178588933291
-0.018304910389
-0.0161422691491
-0.0171664889296
-0.0166051328726
-0.0180162757942
-0.0186955524657
-0.0198830903828
-0.0197731757001
-0.0201934791584
-0.0204111411592
-0.0201169233294
-0.0191236719742
-0.0193955914779
-0.0176966543263
-0.017013974156
-0.0197977247026
-0.0191031884299
-0.0198935091481
-0.0177916233676
-0.0192308029907
-0.0178491449862
-0.0201365167057
-0.0216899170092
-0.0207730547544
-0.0212152242184
-0.0238442598589
-0.0198357307642
-0.0207776358064
-0.0228716823998
-0.0243717132241
-0.0269873754116
-0.0293913837441
-0.0263806045651
-0.0233211990222
-0.0232565795306
-0.0226697806994
-0.0201197381432
-0.0231292427216
-0.0201532882913
-0.0193496107267
-0.0186831197775
-0.0193585732519
-0.0171249203189
-0.0148729693622
-0.0177258144711
-0.0174481462909
-0.0183115729997
-0.0207299383931
-0.0208665804839
-0.0247456522017
-0.0234703552194
-0.0218910074175
-0.0214101900113
-0.0185613385008
-0.0164916088599
-0.0194074099605
-0.0182664653839
-0.0193848726748
-0.0156702899224
-0.0156035142256
-0.0182692171217
-0.0179953421582
-0.0139637267882
-0.0143196667514
-0.0113650473114
-0.00894841510323
-0.00787577167375
-0.00499470069654
-0.00474836351262
-0.00801372633231
-0.00286927140181
-0.0033315534181
-0.00451409785104
-0.00445781339309
-0.00328156358408
-0.0017062321431
-0.00468126973069
-0.00806142832701
-0.00502374164603
-0.00647153274197
-0.00321882705094
-0.00390882872847
-0.00458066841771
-0.00543987669304
-0.00273053980864
-0.00384643120942
-0.00452057700898
-0.00249165652759
-0.00228064136182
-0.00152513750155
-0.000708035214946
-0.00207903733287
-0.00239408108696
-0.00277968203451
-0.00151086654528
-0.00194838471477
-0.00253455998825
-0.00298925017925
-0.00256182767425
-0.00184061049529
-0.00169748626607
-0.00185871409608
-0.00201907519635
-0.00142041077658
-0.00123452964259
-0.00238336880657
-0.00159331444137
-0.00192991209119
-0.00304161321162
-0.00227825877085
-0.0018771937387
-0.00125527149032
-0.00210209450218
-0.00348935636727
-0.00216387035421
-0.00261974333672
8.13277355779e-05
0.000153713876422
1.85208901583e-05
-0.000164530565858
-0.000434002102301
-0.00123344831745
-0.00279027957159
-0.00160740861317
-0.00163159427274
-0.00115139769222
-0.00171992578847
-0.000559932373398
-0.00170420211197
-0.000604266182744
-0.000996168892623
0.000421918089447
0.000150973302899
0.000184448017141
1.64093576936e-05
0.00109501171233
0.00100828827964
0.000840248792501
0.000714838145602
0.00192725189615
0.00165210941678
0.00216219393271
0.00191781053661
0.00171073484546
0.000905453544915
0.00133252084712
0.00206510616293
0.00311078858116
0.00320426562119
0.00499574078245
0.00402039747095
0.00456605982301
0.0050641759849
0.00548113708234
0.00540382880423
0.00560496074872
0.00548100917231
0.00555148286667
0.00678395907478
0.00711471145089
0.00825666347492
0.00916192588652
0.00917280892811
0.00877142998533
0.00776577081564
0.00718225672107
0.00767193480282
0.00716899403914
0.00750027628169
0.00674481426426
0.00841160548674
0.00803954795977
0.00778332138253
0.00738725570725
0.00645814614155
0.00604859752337
0.00746324103916
0.00724284453027
0.00691782377229
0.00664885784042
0.00705495858678
0.00754111325118
0.00786654819322
0.00714806457501
0.00755120884672
0.00561657193297
0.00493755798698
0.00514240553899
0.00752333984333
0.00732194367288
0.00784232141319
0.00796268457735
0.00758698063637
0.00706921306591
0.0063121691351
0.0060140668849
0.00415060289867
0.00497537376094
0.00545631305146
0.0061146749754
0.00655016950506
0.00569790627372
0.00518357532417
0.00312881915319
0.0049947380645
0.00330569741649
0.00346708063701
0.00438030551588
0.00364980623614
0.00405342396264
0.0014609882543
0.00311918866943
0.00433359346744
0.00573721006712
0.00483342673354
0.00576413366024
0.00575106893945
0.00764551762694
0.00797680087772
0.00755692912295
0.00714686229701
0.00622878472494
0.00585488132613
0.00668596064506
0.00617812085464
0.00571837632589
0.00545105862594
0.00632607873216
0.00503503434811
0.00499849776583
0.00424061081008
0.00448692349658
0.00437784261682
0.00515754704555
0.00732382942003
0.00803430632385
0.00722145532949
0.00614367868909
0.00632740955441
0.00619048002069
0.00463845027283
0.0052587050409
0.00435656229477
0.00287563444345
0.00323251505439
0.00334374962624
0.00588478333586
0.00594399146738
0.00844531372149
0.00771886867449
0.00830450704377
0.00755374992223
0.00665949392652
0.00727136366414
0.00712798610586
0.00885389562582
0.00868068635963
0.00875130539068
0.00941598960679
0.00918555019305
0.0100904470014
0.0096654118012
0.00908623300336
0.00759291647929
0.00755299392279
0.00792934516773
0.00762700747558
0.00894511976283
0.0100629746642
0.0105417158899
0.00989354766628
0.0117030774933
0.0108455491422
0.0105245365898
0.00925573383048
0.0083255699882
0.00906858517524
0.00968619772978
0.00892198658118
0.00891303489106
0.00715111201533
0.00607016821232
0.0079164270088
0.0062699274234
0.00816026107867
0.00775506055622
0.00944399024994
0.00916637858071
0.0101176641291
0.0103778595851
0.00835959098788
0.00961664820613
0.0104645482207
0.0107136519197
0.0131220234082
0.0120566676219
0.0131102553047
0.0128753182247
0.0150450258983
0.0139511614576
0.0144133939163
0.0139204135694
0.0126172505025
0.0123138122132
0.0123606369243
0.0115908114143
0.0111799350704
0.0127852519838
0.0125283051842
0.0124932925429
0.0131582244488
0.0136074840973
0.013346956668
0.0129837952691
0.0130868799412
0.0121348663391
0.0126954068463
0.0121405620357
0.0119932931535
0.0121192880235
0.0124119040634
0.0111320878629
0.0111890158231
0.010829855245
0.0107712666386
0.0108419062649
0.0113231845163
0.0107887831308
0.0108634654984
0.0104526442739
0.00806656575214
0.00814572759373
0.00803482262324
0.00691783518147
0.0069085684047
0.00616014563604
0.00597764557428
0.00737191757201
0.00641048682047
0.00720333406953
0.00654248827973
0.00542121877156
0.00595241041813
0.00450969962718
0.00621830335494
0.00700875705519
0.00608750665102
0.00622263351698
0.00535849083843
0.00520879667865
0.00506025798824
0.00357487428996
0.00345984059247
0.00484998015767
0.00631010981837
0.00700215723742
0.00721747297885
0.00954486934626
0.00776067483453
0.00729168423194
0.00589394740649
0.00765504887448
0.00744026454212
0.00707750731934
0.00823039810599
0.00743573662197
0.008586588426
0.010496271831
0.0101040347669
0.0115983155404
0.0108715973527
0.011804815955
0.0115645208751
0.0115991588985
0.0116169505579
0.0116700335742
0.0111818763622
0.00955544758126
0.00917252107406
0.0102721746444
0.0100060178221
0.00953014211206
0.00951567652032
0.00919311970805
0.00845182076318
0.00848710956298
0.00846679536238
0.00779840317564
0.00833910990743
0.00865952150332
0.00970366888744
0.00925869317423
0.0102931096098
0.00986856725366
0.00991575556298
0.00916930261918
0.00892333791997
0.00795948996908
0.00885229693216
0.00880178436535
0.00810110685599
0.00948614583096
0.0100537874262
0.0104921798796
0.0103383266724
0.0100831263929
0.0100192958978
0.00969398877851
0.00978336736728
0.00947114832841
0.010203698479
0.0100937531079
0.0101484528026
0.00976042325513
0.00921816835989
0.00939614194697
0.00908801058343
0.00882123155299
0.00912761370927
0.00830041814924
0.00951301852917
0.00920740971235
0.00924344599991
0.00911704682479
0.00906499337594
0.0086599568838
0.00814562246185
0.00809148123346
0.00872289968575
0.00852602175577
0.00831215964968
0.00757101596254
0.00776435315588
0.0080523576192
0.00721208027141
0.007597669111
0.00705626583104
0.00709141921766
0.00651987178765
0.0059611103133
0.00548576837195
0.00594240331
0.0056879838766
0.0056080023408
0.0054186817559
0.00542328905696
0.00481538539221
0.00449157929547
0.00466862494398
0.0043220651607
0.00490752862597
0.00531006748471
0.00522102131051
0.00505450299395
0.00502411621361
0.00350363649242
0.00316113858843
0.00232794084547
0.00261893487286
0.00237773792421
0.00192985702978
0.00359688977783
0.00367717042675
0.00368568355127
0.0029946076694
0.00326826666217
0.00236656415228
0.00317102640738
0.00404208629693
0.00467227294595
0.00420267553138
0.00677613773629
0.00640958765388
0.00666637565228
0.0068363346736
0.00697669521858
0.00683237946319
0.00701863422405
0.00689229791905
0.00638913939679
0.00599124900039
0.00624763462641
0.00665073197388
0.00688165243398
0.00695374899021
0.00681757533157
0.00685906274667
0.0066788853444
0.00634887765975
0.00574188332911
0.00557206300644
0.0057627521997
0.00586653918328
0.0065459809966
0.00627475897808
0.00575915674864
0.00594582623463
0.00563330348965
0.00554211469185
0.00511965912772
0.00499964245159
0.00446387152229
0.00392484346512
0.00387570630537
0.00398165984535
0.00383864166166
0.00474497923827
0.00430736628182
0.00459405863546
0.00492893065352
0.00488038376793
0.00416440733349
0.00385763815454
0.00427278323546
0.00452459662385
0.00458083040837
0.0043095528693
0.00454538468606
0.00420938855414
0.00363691960112
0.00371257798454
0.00391139470697
0.00364806263106
0.00385237224323
0.00431007098058
0.00454637578121
0.0042037271318
0.00388940523341
0.00397299175178
0.0031866806342
0.00253234531718
0.00268001574987
0.00349543887285
0.00377373173179
0.00347863385292
0.00338757417761
0.00367376007143
0.00353752866089
0.00353446679552
0.00317469645138
0.00266101275407
0.00241193668422
0.00236401461581
0.00272184817211
0.00309498686885
0.00307156881347
0.00272276539051
0.00295210238748
0.00302509435681
0.00319630197186
0.00310656693453
0.00325124533245
0.00383247247702
0.00360842259675
0.00319993539585
0.00277451558865
0.00258411494245
0.00262615794965
0.0023855091815
0.00265106371071
0.00287390959038
0.00278155237899
0.00268046351227
0.00194523270843
0.00226188518941
0.0017294310991
0.00160258519779
0.00182382602983
0.00165711353404
0.000995863680522
0.00133362887232
0.00123553100049
0.00157232746896
0.00127526596087
0.00124871835376
0.000424182211635
-9.79229960288e-05
-0.000191150537
-3.54045843669e-05
-0.000240777685236
0.000232995628196
9.48205130108e-05
0.000288221728863
0.000557872958214
0.000425076471965
-0.000588739576421
-0.000150162931367
-0.000114602955154
0.000362719463336
0.000775314826251
0.000425101393945
8.45959647676e-05
-0.000141297867132
-1.69846570912e-05
-0.00035381877056
-0.000607059363789
-0.000694328196644
-0.00073856492304
-0.000749540869866
-0.000742430487613
-0.000646893467192
-0.000711733031963
-0.000563255379758
-0.0015856984608
-0.00241534400083
-0.00258134390988
-0.0021081905285
-0.00205387543691
-0.00182478051152
-0.00155480354777
-0.00163609370664
-0.00189986935432
-0.00225200090774
-0.0025965268737
-0.00267943919658
-0.00225403310898
-0.00282289583211
-0.0026887294309
-0.00298410989411
-0.003900514578
-0.00532736044345
-0.00496016403107
-0.00438795714207
-0.00574580699966
-0.0058440728119
-0.00553557560505
-0.00487324778682
-0.00390828411508
-0.0034177250438
-0.00381552245338
-0.0039332013204
-0.00374887835201
-0.00404281768947
-0.00366246371484
-0.00426773412572
-0.00464736181752
-0.00611678638894
-0.00616315272997
-0.00554838957175
-0.00586087666329
-0.00589045234096
-0.00572669194419
-0.00670413778129
-0.00659306585626
-0.00605336790135
-0.00581685179743
-0.00733928392029
-0.00757092836869
-0.00659875920502
-0.00581079688258
-0.00564878369302
-0.00545340683963
-0.00497652554151
-0.00425931365521
-0.00298281546468
-0.00292547713612
-0.00359717683185
-0.00386294407593
-0.00281664604037
-0.00322080637269
-0.00408182060689
-0.00392212878016
-0.00394582059724
-0.00355996339242
-0.00353892612478
-0.00318057003644
-0.00207036693065
-0.00204000431073
-0.00145086266333
-0.000518537878458
0.00024239176764
0.000214265799781
-8.98744107222e-05
0.000105532678723
-0.00072455648375
-0.000866083095365
-0.000563359344459
-0.000865129637695
-0.000632174382791
-0.000998095561203
-0.000924686544919
-0.00144772392213
-0.000994738609006
-0.00072431651243
-0.000662815682347
-0.000494465697602
-0.000655385445426
-0.00210688528433
-0.00205834677019
-0.00201040271296
-0.00200133286615
-0.0015353242534
-0.00151670441681
-0.000947410234927
-0.00071717436685
-0.00147703292009
-0.00184479505505
-0.00182641752467
-0.0014481422146
-0.00160057911228
-0.00221197594908
-0.00152314296884
-0.00167318767202
-0.00195521473241
-0.00221997839551
-0.00265234525868
-0.00215731292681
-0.00215329886299
-0.00229211900053
-0.00274349899798
-0.00318108812632
-0.00386833380073
-0.00411355195678
-0.00463388204868
-0.00415657578778
-0.00422475392074
-0.00374723758941
-0.00334311067683
-0.00313059893883
-0.00334313793701
-0.0037050389392
-0.00293742139671
-0.00274412877627
-0.00287994250361
-0.00241281922132
-0.00312054738487
-0.00313594107472
-0.00326665979775
-0.00335772006147
-0.00365419726206
-0.00441525665279
-0.00418590127277
-0.004036599548
-0.00422922428358
-0.00481395035947
-0.00385012190557
-0.00374057181197
-0.00355632315035
-0.00279310557727
-0.00269259710485
-0.00261748025078
-0.00287907237724
-0.00340035059262
-0.00390076853004
-0.00396505381001
-0.00390788210581
-0.00395186102326
-0.00291367530078
-0.00308207066929
-0.00251167663117
-0.00223412073106
-0.00223716410557
-0.00137063677791
-0.0018604067417
-0.00174901165526
-0.00257479789625
-0.00312450027688
-0.00335322593611
-0.00360829797126
-0.00496735662359
-0.00454655806019
-0.00460128333035
-0.00449531930121
-0.00417145400722
-0.0041140834992
-0.00440868354522
-0.00452981608582
-0.00432839738455
-0.00416377780663
-0.00427222060035
-0.00432004230498
-0.00480022856293
-0.00513755026096
-0.00509488517991
-0.00512308650781
-0.00502641172342
-0.00450545184113
-0.0046242554886
-0.00459498383542
-0.00482547129775
-0.00537472576549
-0.00473753220223
-0.00493697165497
-0.00409088657294
-0.00441923059353
-0.00460803646303
-0.00497625058146
-0.00556045694071
-0.00618784826897
-0.0070046383308
-0.00731699222165
-0.00710998655197
-0.00708126622368
-0.00742337493783
-0.007984388453
-0.00781201906984
-0.00686459151061
-0.00723169630689
-0.00701075540044
-0.0072415243696
-0.00800666197
-0.00821394810727
-0.00899996464027
-0.00959451588965
-0.00900472600005
-0.00852948083065
-0.00874702660872
-0.00965412313778
-0.00946507335451
-0.00877308501011
-0.00968756300704
-0.00885945056981
-0.00895867539616
-0.00925508631282
-0.00936166711879
-0.00900752207977
-0.00887441874312
-0.00835304902758
-0.00849891969976
-0.00828484952016
-0.0070413468079
-0.00608568498298
-0.00595807429295
-0.00594860958404
-0.00638257089961
-0.00644433221184
-0.00641473005413
-0.0064728178239
-0.00656449863176
-0.00672855790537
-0.00634599336108
-0.00554235081612
-0.0051620477468
-0.00523006738835
-0.00536781521175
-0.00551084233896
-0.00507448158988
-0.00508521529671
-0.00586216652624
-0.00559959639366
-0.00596606924799
-0.00668213807497
-0.00663478740403
-0.00681122738211
-0.00764785942185
-0.00754704287225
-0.00774459598262
-0.007418698609
-0.00729231220132
-0.00704656434769
-0.00678658409078
-0.006889031734
-0.00660663838644
-0.00644131358376
-0.00607743196207
-0.0055632053081
-0.00553426886646
-0.00520291316777
-0.00568712168542
-0.00578244196535
-0.00615222498245
-0.00572657870947
-0.00507175087096
-0.00464589018902
-0.00476062674139
-0.00512405359996
-0.00516465874321
-0.00456903273424
-0.00507093663663
-0.00533177030759
-0.00550081910127
-0.00492394444864
-0.00520428705928
-0.00463403018439
-0.00502442286864
-0.00517235641074
-0.00485752784027
-0.00520636528657
-0.00523992401115
-0.00529665080613
-0.00556063202906
-0.00625956644213
-0.00699957607293
-0.00729236039865
-0.00681737971326
-0.00707224228762
-0.00719948925246
-0.00690134701564
-0.00686042136751
-0.00751655491665
-0.00753655013733
-0.0069288219125
-0.00607476521766
-0.00572301896626
-0.00570310444416
-0.00527900822939
-0.00596466406348
-0.00641276062879
-0.00690826385992
-0.00719732882715
-0.00740882152464
-0.0075026714941
-0.00758734938364
-0.00735727326206
-0.00759106106822
-0.00758269182631
-0.00708052314269
-0.00739258091966
-0.00787538851164
-0.00762161367059
-0.00783085779349
-0.00824394142828
-0.00795251572526
-0.00799667346887
-0.00833419205378
-0.00814417329419
-0.00839958191272
-0.00944067062146
-0.00978767276204
-0.0102964813478
-0.00964411324913
-0.00883065923101
-0.00889875891013
-0.00829376721013
-0.00868391273289
-0.00859853525558
-0.00833440309138
-0.00916223870649
-0.00926899837697
-0.00970485287346
-0.0103704259673
-0.00966114861701
-0.00947288716754
-0.00914887405342
-0.00959728815575
-0.0094760662441
-0.0104655353424
-0.00970915817146
-0.0100360662384
-0.0102666457899
-0.00932987219586
-0.00830914517903
-0.00771690971384
-0.00805022423037
-0.00781530921635
-0.00743453913485
-0.0079184092957
-0.00789358033774
-0.00814026902498
-0.00787322117701
-0.00766893091285
-0.0077759862994
-0.00837931535354
-0.00809712291678
-0.00815526151636
-0.00828765518327
-0.00786519483945
-0.00721200408371
-0.00707909153331
-0.00712986606504
-0.00685236448052
-0.00653126449609
-0.00611221862325
-0.00626528136133
-0.00598384648545
-0.00575677617075
-0.00505528201164
-0.00492610727426
-0.00496774391435
-0.0058015099758
-0.00573760214403
-0.00578476339865
-0.00574974576006
-0.00536468745381
-0.00634238296557
-0.0073716833578
-0.00760564321617
-0.00679806068715
-0.00709740584251
-0.00666345488195
-0.0068329048102
-0.00689222614494
-0.00693610920742
-0.00712004661184
-0.00742954033107
-0.00704898446693
-0.00717720766348
-0.00731696821419
-0.00802882187546
-0.00758008870984
-0.007910504133
-0.00837031568869
-0.00881005561804
-0.00839751399007
-0.00835896106805
-0.00879484876707
-0.00912797387307
-0.0088763020989
-0.0085206568726
-0.00777834710345
-0.00739107388021
-0.00792747966474
-0.00823699315336
-0.00795177407619
-0.00805850016012
-0.00769371436874
-0.00799042806513
-0.00786178865949
-0.00821536849449
-0.00794564855785
-0.00718338644216
-0.00669797645201
-0.00660542863511
-0.00667555485886
-0.00652755565234
-0.00693923174067
-0.00655263758036
-0.00659356445075
-0.00677272566668
-0.0070284637626
-0.00722115662861
-0.00690850133213
-0.00681390687633
-0.00753233519905
-0.00770788004714
-0.00838433123477
-0.00872036470066
-0.00919017004711
-0.00928661706225
-0.00862786361611
-0.00849487888196
-0.00870153448852
-0.00855571336334
-0.00904137423431
-0.00894582059363
-0.00852591748048
-0.00877617373023
-0.00884622470112
-0.00884781475222
-0.00888562047735
-0.00837537166297
-0.00851414934507
-0.0087019821289
-0.00841138955474
-0.00843811575829
-0.0091876171628
-0.00953425124682
-0.00948955768232
-0.00967245709162
-0.00972460103865
-0.00991423761398
-0.010779308176
-0.0114531664075
-0.011220131417
-0.010875896567
-0.0110147703255
-0.0112045584531
-0.011755607454
-0.0126264183669
-0.0128765906144
-0.0123785458097
-0.0126575809156
-0.0126221249878
-0.0120275332563
-0.012343107836
-0.0125105305587
-0.0119126849124
-0.0112518069317
-0.0111300209699
-0.0110525983622
-0.0108293453181
-0.010089061715
-0.0102186675466
-0.00982747918266
-0.00946006746446
-0.00992848211844
-0.00876213223648
-0.00888988873113
-0.00910671279302
-0.00906724010285
-0.00907738253435
-0.00852450305295
-0.00801515425843
-0.00865343800066
-0.00838358974077
-0.00885164650619
-0.00904945590031
-0.00864091744387
-0.00872196321028
-0.00873478003738
-0.00873662782593
-0.00886859749637
-0.00858732807999
-0.00923690032947
-0.00909593867131
-0.00966561690997
-0.00977465538439
-0.0101720265883
-0.00970672159528
-0.00986373107487
-0.0097937149234
-0.0101116381911
-0.00989853051843
-0.00995928170684
-0.0104003877489
-0.0102059337583
-0.0108100543592
-0.0109724280568
-0.0119246967537
-0.0121132423171
-0.0115141180571
-0.0115022347418
-0.0121196628353
-0.0120478090809
-0.0114671327423
-0.0105919616752
-0.0105040364526
-0.0101151723362
-0.0105444585223
-0.0105195278439
-0.0107817607297
-0.0112097406434
-0.0119147896358
-0.0116550984272
-0.011243059868
-0.0114126363626
-0.0109224034259
-0.0108234275435
-0.0107807457427
-0.0107146147565
-0.0105189852742
-0.0104011936747
-0.0105377157974
-0.0107766871092
-0.0111895603756
-0.0106000373361
-0.0107340227121
-0.0103425578765
-0.010235516694
-0.00959718389495
-0.00998432231408
-0.0101106153236
-0.009658508462
-0.00898367811364
-0.0091113972308
-0.00989629980967
-0.0101589615533
-0.00984124223961
-0.0101913231739
-0.0102787702101
-0.0105451424235
-0.0108985435665
-0.0102162079211
-0.0104307419136
-0.00982288351621
-0.0098878867874
-0.0109193652946
-0.0111570065307
-0.010865712126
-0.0108258256709
-0.0109136225507
-0.0108491825036
-0.0112191716704
-0.0114209851722
-0.0123779633859
-0.0127632145121
-0.013116950071
-0.0131733754003
-0.0128516275186
-0.0131670006533
-0.0127164514512
-0.0129710644254
-0.0128799109262
-0.0132065471138
-0.0135371847477
-0.0126796185962
-0.0116008696782
-0.0111502835397
-0.0110335191897
-0.0114320157372
-0.0117491519706
-0.0116164531712
-0.0111396552397
-0.0101158983181
-0.0106262738216
-0.0106817531226
-0.0105937839737
-0.0116551407943
-0.0120615861196
-0.0111831478717
-0.0111262254463
-0.0114956639396
-0.0116960313208
-0.0113156928397
-0.0103687088731
-0.0105428468296
-0.0102419428115
-0.00988043009133
-0.00988082245265
-0.0102294053403
-0.0103213476434
-0.0105679274164
-0.0105253181335
-0.0109417528198
-0.0115224405742
-0.0116976412688
-0.0126055037071
-0.0123174753979
-0.0123663762854
-0.0116463433081
-0.0108822543609
-0.0108851658971
-0.011423380641
-0.0117598683273
-0.0110124611614
-0.0117045828944
-0.0107702002632
-0.00970299265213
-0.00927963144699
-0.0085255765779
-0.00915121671594
-0.0094014867825
-0.00936990837424
-0.0088928865246
-0.00973117298371
-0.0101153722863
-0.0104011477347
-0.0103951723023
-0.0102428330452
-0.0102270528764
-0.00975970511916
-0.00973474449476
-0.00922403849558
-0.00990958582867
-0.00960109848768
-0.00938907715058
-0.0102998385755
-0.0104181985818
-0.0102025799275
-0.010857044359
-0.011166574307
-0.0109451013453
-0.0109202864514
-0.0108468162595
-0.0104971157179
-0.0102340567791
-0.00944946078044
-0.00919421381237
-0.0100156139628
-0.0094643033543
-0.00925949434402
-0.0100150630092
-0.00996209300775
-0.0105943381894
-0.0103398402305
-0.0107185495576
-0.0102251276078
-0.0100644379347
-0.00964985587696
-0.00993977270945
-0.0100166813133
-0.0100496624539
-0.0108456561893
-0.0108633999759
-0.0110110453198
-0.0108955479326
-0.0114415003322
-0.0115316049685
-0.0115526756594
-0.0116072246439
-0.0123927272827
-0.0125747642156
-0.0130614717155
-0.0134581960681
-0.0137485269264
-0.0138569373501
-0.0140149486235
-0.0147420657582
-0.0140709728625
-0.0137796411212
-0.0141731237362
-0.0140158653105
-0.0137902421133
-0.0139604818632
-0.0140490210457
-0.0147729873358
-0.0148410281021
-0.0149753640637
-0.0152600528885
-0.0158593512225
-0.0154671183727
-0.015030001647
-0.0153712677071
-0.015494118864
-0.0150390540738
-0.0146817909522
-0.015013262511
-0.0159266727979
-0.0159981873299
-0.0156466276713
-0.0154289334588
-0.0153568777563
-0.0152547386017
-0.0151505614782
-0.0153969002273
-0.0155568251291
-0.0152382423366
-0.0156797402898
-0.0162729846232
-0.0163860411452
-0.0160901849379
-0.0164501896142
-0.0153526970069
-0.0156228535474
-0.015880538656
-0.0153094379754
-0.0156198714804
-0.0153687651712
-0.0156187651273
-0.0161058423877
-0.0160185730283
-0.0160026294966
-0.0158794526656
-0.0161317306325
-0.016459360604
-0.0165738500349
-0.0167351099679
-0.0176986096631
-0.0173730260688
-0.0177783069899
-0.017270357012
-0.0167427825463
-0.0161388618957
-0.016151688113
-0.0156040821988
-0.015436632166
-0.0158650969676
-0.0157708381255
-0.0163413984278
-0.0161374024107
-0.0163066679518
-0.0165488714396
-0.0159043487184
-0.0157193439823
-0.0161947544713
-0.0160156383396
-0.0161251393361
-0.0164689419599
-0.0173096583345
-0.0175566004075
-0.0176807042533
-0.0178173749443
-0.0179893494618
-0.0178447383035
-0.0172210856082
-0.0173575346317
-0.0175697154434
-0.0179826198141
-0.0184742580985
-0.0186322698359
-0.0188954606754
-0.018597898724
-0.0188062555056
-0.018812181487
-0.0191079895816
-0.0194634949534
-0.0197906721494
-0.0190288076537
-0.0190737805362
-0.0184828150323
-0.0186599451346
-0.0186147995679
-0.0180451266338
-0.0179675387524
-0.018828488533
-0.0187855761728
-0.0189283021656
-0.0190562162791
-0.0182904948691
-0.0188406146743
-0.0183007119598
-0.0177866754689
-0.0175932117463
-0.0179658335116
-0.0181818477663
-0.0176710733754
-0.0173996550798
-0.0174071711966
-0.018138256024
-0.0179400590633
-0.0182173121436
-0.0185482142793
-0.0184361987681
-0.0178772617723
-0.0180811388204
-0.0175738948111
-0.0175912943785
-0.0169521992611
-0.0168650011209
-0.0161374344558
-0.01571985417
-0.016338023857
-0.0173238056147
-0.0170165029448
-0.0170707788179
-0.0180224812162
-0.0185058814589
-0.0178827576726
-0.0178977994271
-0.0186023818335
-0.0191358026269
-0.0190949036196
-0.0196984401965
-0.0203341009895
-0.0200895810546
-0.0202503486155
-0.0211796742432
-0.0213422034978
-0.0216271212477
-0.0218634750126
-0.0214493953658
-0.0206364293394
-0.0205058711764
-0.0205771231358
-0.0205286967626
-0.0204397302574
-0.021036003848
-0.0212044607616
-0.0208491355837
-0.0206484948094
-0.0209115397553
-0.0210189016083
-0.0214639362072
-0.0213065109151
-0.0215157279531
-0.0217328249487
-0.0222937047417
-0.0214238879887
-0.0210191874288
-0.0215433047566
-0.022677589912
-0.0230189419098
-0.023519387187
-0.0234935612036
-0.0238760286894
-0.0246080544888
-0.0246621948896
-0.0246449729416
-0.024307167564
-0.0243810741175
-0.0244485978704
-0.0246106539765
-0.0246680573459
-0.025763693411
-0.0260226304354
-0.0255738676308
-0.0255659865509
-0.0255209491934
-0.0252965375985
-0.0255251438629
-0.0243972777063
-0.0253217160043
-0.0253916747256
-0.0259194593686
-0.026503101051
-0.0276325753868
-0.0280277927671
-0.0290168803015
-0.0292647752393
-0.0285222342462
-0.0275412639768
-0.0275910010176
-0.0272786178671
-0.0274766949718
-0.0267118956012
-0.0264738445497
-0.0265571371293
-0.0268638756291
-0.0265084268095
-0.0266617385724
-0.0260948328507
-0.0262480212225
-0.0258968106592
-0.0259374086972
-0.0268415689313
-0.0274569811055
-0.0271301151628
-0.0265648199536
-0.0265579455189
-0.0266847403825
-0.0261641055304
-0.025809546755
-0.0255556809898
-0.0254033909849
-0.0257326972971
-0.0261134793327
-0.0253660776665
-0.0255485129805
-0.0259215068823
-0.0249655282947
-0.0240221293553
-0.0243548410414
-0.0236099696871
-0.0228612323575
-0.0223449787908
-0.0223080149905
-0.0217296377221
-0.0216752847468
-0.0216247465483
-0.0219714383655
-0.0223917556525
-0.0219946201818
-0.0217224066874
-0.0225767788556
-0.0228736690724
-0.02435246829
-0.0242484355018
-0.0241553783263
-0.0235989853886
-0.0238605143537
-0.0236350512634
-0.0237628267321
-0.0241279573803
-0.0239089300507
-0.023546757903
-0.0232858506877
-0.0242911576297
-0.0238684362678
-0.0240125730644
-0.02415109923
-0.0244138599476
-0.0236783835761
-0.0238663582974
-0.0233657021699
-0.0234699625643
-0.022337134429
-0.0223504505065
-0.022350406477
-0.023576767854
-0.0227179247207
-0.0232981163111
-0.0230948474817
-0.0247953215108
-0.0258192635108
-0.0257292831047
-0.0255239565104
-0.0256927010677
-0.0265628422525
-0.0262176502735
-0.0263416749067
-0.0255231072835
-0.0250982826107
-0.0239437154468
-0.0246462891812
-0.025198427652
-0.025397703912
-0.0260376667086
-0.0259047465639
-0.0261422049025
-0.025610756033
-0.0257426247152
-0.0263192284338
-0.025365611738
-0.0255555037185
-0.0250855643896
-0.0262868806833
-0.0262980662626
-0.0273522062427
-0.0263568793003
-0.0281748780057
-0.0284676630166
-0.0302136895993
-0.0315360004434
-0.0302455146777
-0.0303099519873
-0.0295077813321
-0.0283168457809
-0.0278334340689
-0.0266880826685
-0.0279005902903
-0.0276764187343
-0.0260623611827
-0.0265230538773
-0.0276372816961
-0.0270240033598
-0.0264088873946
-0.0266356415183
-0.02532554987
-0.0249119386683
-0.0240225024222
-0.0242875700541
-0.0239644490044
-0.023106702308
-0.0230237653181
-0.0232096893059
-0.0240213180079
-0.0243365184821
-0.0235360445338
-0.0243509694603
-0.0222624264293
-0.0222203206094
-0.0221182156664
-0.0212370174771
-0.0209024106993
-0.0214094197152
-0.020329902791
-0.0210872865838
-0.0214638022163
-0.0207191929463
-0.0220597638189
-0.0217637334406
-0.0222888487596
-0.0235063293364
-0.0223220135755
-0.0219177233803
-0.0221479519547
-0.0234423564979
-0.0245169021588
-0.0259621246572
-0.0243850006098
-0.0229515685567
-0.0217853172976
-0.022303762622
-0.0228111791546
-0.0256458510162
-0.0260337661138
-0.0259115326302
-0.0286474686327
-0.0271824621825
-0.0256636672855
-0.0239857601089
-0.0231390653354
-0.0234101788154
-0.0221489043587
-0.0219557410197
-0.0217097649776
-0.021490496426
-0.0196459277889
-0.018777947107
-0.0181500855558
-0.0197666286679
-0.0195021733296
-0.0187301895494
-0.0175484959475
-0.0173381877289
-0.0180208007221
-0.0181476321828
-0.0174509203581
-0.0177939368775
-0.0170001922053
-0.0164451991357
-0.015737749632
-0.0162490801746
-0.0176201341527
-0.0174347939629
-0.0167666697813
-0.0170997961362
-0.0165611272941
-0.0162606617606
-0.0163132548358
-0.0153630526639
-0.0156828560959
-0.0153385488522
-0.0141876617685
-0.0143424790151
-0.0137449799915
-0.0136324909288
-0.0130745603398
-0.0124238899778
-0.0131345237211
-0.0136219060258
-0.0135151076386
-0.0132891179825
-0.0141742076854
-0.0146256794713
-0.0141467675378
-0.0151349519762
-0.0160515714765
-0.0153792602747
-0.0145652507273
-0.0162961206062
-0.0161376263732
-0.0153666316406
-0.0152353450039
-0.0152719059592
-0.0159824983466
-0.0164376298134
-0.0158673668722
-0.0154564668035
-0.0152877155651
-0.0148869967482
-0.0150202699178
-0.0143670981576
-0.0147389805199
-0.0148140370283
-0.0152037478529
-0.0164326987094
-0.0157428446291
-0.0165173832036
-0.0145582281957
-0.0153068313409
-0.0149475302083
-0.0149478697324
-0.0148109590201
-0.0147299196439
-0.0143075587891
-0.0137785355113
-0.0135907312743
-0.0136631881648
-0.0140143140196
-0.0143558284358
-0.0133619100445
-0.0135699195138
-0.0133143533148
-0.0121829073071
-0.0124164452192
-0.0121640976874
-0.0121002362238
-0.0118985508944
-0.0113516808872
-0.0114161428526
-0.0121049572963
-0.0120601592343
-0.011908766075
-0.0132503038075
-0.0126297368126
-0.0138396589291
-0.0151855868779
-0.0150190572718
-0.0150739968861
-0.0151914206456
-0.0162656853185
-0.0164999412261
-0.0162388236977
-0.0171979991395
-0.0162240506956
-0.0157290825743
-0.0155620339279
-0.0161147232904
-0.0160076557037
-0.0165762950035
-0.0170515290486
-0.0171967370573
-0.0171404943669
-0.0171435708924
-0.015884827066
-0.0154478962945
-0.0162732239987
-0.0169081997544
-0.0155535758707
-0.0157114374423
-0.0158762003807
-0.0160637752621
-0.0159762888146
-0.0158999360462
-0.0153957579438
-0.015888741897
-0.0149599969638
-0.0153435988388
-0.0149190828454
-0.0144770144942
-0.0142115864485
-0.0140064049366
-0.0138688139687
-0.0131006103265
-0.0136271267326
-0.014019051236
-0.0146263830486
-0.014023873415
-0.0141314469505
-0.0144786056681
-0.0145632505286
-0.0146186920843
-0.0148222126354
-0.0146060692683
-0.0151334793249
-0.015955189001
-0.0159401904617
-0.016048582639
-0.0153205080871
-0.015285093871
-0.0144619487447
-0.0136391940579
-0.0133053541688
-0.0136297833465
-0.0139844135759
-0.0144038859357
-0.0134961672377
-0.0136382187905
-0.0144150927884
-0.0130836606707
-0.0127531148474
-0.0132753910858
-0.0140593565107
-0.0138205492365
-0.0133929963154
-0.0139359458301
-0.0138595894913
-0.0139707533928
-0.014051194839
-0.0149204466592
-0.0146056807284
-0.0145137256283
-0.015001140516
-0.0149286116228
-0.0156135178125
-0.016168444052
-0.0162380346431
-0.0174532126996
-0.0174786571978
-0.016665257871
-0.0152235698793
-0.015684416259
-0.0163103298019
-0.0161552601166
-0.0160067938526
-0.0168903126049
-0.016861011286
-0.0160626630188
-0.0151537780219
-0.0151707014542
-0.0152350403972
-0.0149606595853
-0.0155405533561
-0.0167049337142
-0.0166519922567
-0.0161447620048
-0.0165907383649
-0.0159773791169
-0.0164831500922
-0.0172798644527
-0.0174205156374
-0.0186408018359
-0.0195080811042
-0.019503169333
-0.0195982076622
-0.0216519295823
-0.0212609753418
-0.0191682951587
-0.0180298830892
-0.0178780896023
-0.01471995534
-0.0150811267182
-0.0139430313366
-0.0125417053059
-0.0126808448983
-0.0128898626122
-0.0131180292644
-0.0123381658058
-0.011734073145
-0.0110736876077
-0.0108560288618
-0.0117272626741
-0.0113487830633
-0.0118047073259
-0.0111034242566
-0.0110292739671
-0.00973468477289
-0.0102534872322
-0.00981965769941
-0.00952643644009
-0.0091050852284
-0.00980878096038
-0.0099481379427
-0.00893391862721
-0.0094030379657
-0.00850208397413
-0.00833455852682
-0.00832712507657
-0.00821817139532
-0.00859970253847
-0.00840226002633
-0.00883592543823
-0.00901834391137
-0.00946741698168
-0.00841610555495
-0.00737528037586
-0.00714097478372
-0.00755355186806
-0.00790363897984
-0.00865296599158
-0.00786943811518
-0.00828585099692
-0.00934348874099
-0.00917244799228
-0.00848628241884
-0.00864116781158
-0.0072618110992
-0.00671258328953
-0.00662792496238
-0.00752369340501
-0.007159404739
-0.00778056311635
-0.00704963852259
-0.00650190680708
-0.00600604845228
-0.00473807861488
-0.00560409449977
-0.0063304433433
-0.0062028346272
-0.0064380617264
-0.00632462944906
-0.00606835714289
-0.00572950761379
-0.00599061782805
-0.00565130684811
-0.00509483208975
-0.00511763672109
-0.00430428799793
-0.00447699540824
-0.00488403594512
-0.00531545383944
-0.00542426196513
-0.00453856523555
-0.00462069081428
-0.00359520063758
-0.00343439256596
-0.00236799744343
-0.00147879915052
-0.00190773470451
-0.00202193226365
-0.00210941079616
-0.0038626771523
-0.00392637054569
-0.00440508972072
-0.00352613715284
-0.00379125538584
-0.00380895597202
-0.00329135010786
-0.00303355300573
-0.00421595343247
-0.0034647088643
-0.00377995635128
-0.00374347600657
-0.00301496215801
-0.00388840761909
-0.00485560750886
-0.00552615352711
-0.00502896984878
-0.00452728438028
-0.0035206354923
-0.00362586015664
-0.00616969914289
-0.00655309354133
-0.00656430859408
-0.0079204199911
-0.00735900269792
-0.00886726708143
-0.00986869920203
-0.00881918998209
-0.0106827578016
-0.0111961280164
-0.00899990283172
-0.00862240924241
-0.00919281943439
-0.00936756456452
-0.00872348133536
-0.00977903518861
-0.0108975640856
-0.0121150040382
-0.0114852086361
-0.0101364362647
-0.00859884810276
-0.00980792412132
-0.00868210030426
-0.00919593943502
-0.00723715099278
-0.00795039538924
-0.00540492453248
-0.00417382087521
-0.00487903927445
-0.0052678186901
-0.00571949489857
-0.00622655085053
-0.00595391036624
-0.00577171774522
-0.00478074831275
-0.00455378103997
-0.00604162638145
-0.00573422212472
-0.00562971493481
-0.00483959036852
-0.00442032005501
-0.00379417790027
-0.00420686381168
-0.00373789369659
-0.00320869707756
-0.0043621231925
-0.00334071733047
-0.00348402650435
-0.00235112343941
-0.00219771632147
-0.0029496825214
-0.00213826984117
-0.00291041451997
-0.00276555332925
-0.00362323090975
-0.00368794970869
-0.00346671780947
-0.00388683863104
-0.00417006250946
-0.00449599223503
-0.00456238346447
-0.00370224226238
-0.00414404833319
-0.00365747208617
-0.00458520821922
-0.00388468415806
-0.00497942677349
-0.00521963160202
-0.0053351911046
-0.00472700154372
-0.002977718392
-0.0032055155363
-0.00586114065813
-0.00435086530529
-0.00337917447646
-0.0041559541912
-0.00404794581618
-0.00512543574924
-0.00536821922102
-0.00655979043508
-0.00469991431037
-0.00428612960233
-0.00528053652255
-0.00424515638256
-0.0029841510131
-0.00307610216601
-0.00245887662915
-0.00293911801916
-0.00366540396761
-0.00365921050286
-0.00249691467791
-0.00476867551337
-0.00525218010308
-0.00591342357613
-0.00430050315733
-0.00467045461271
-0.00442758567547
-0.0050256822008
-0.00578865823252
-0.00452262013726
-0.0053514226643
-0.00407827800696
-0.00356255962052
-0.00272769446004
-0.00301030167901
-0.00411959843667
-0.00311807399516
-0.0021779834608
-0.00221528462377
-0.00213530533812
-0.00125922996032
-0.00249338030246
-0.0018170606329
-0.00176028619587
-0.0014144337132
-0.00236303538218
-0.00395883302448
-0.00494387813336
-0.00476647795219
-0.00413091973786
-0.00554916850678
-0.00532042833398
-0.00498219414439
-0.00616618401882
-0.00592952888451
-0.00484939508126
-0.00482347126732
-0.0067088631522
-0.00500015363401
-0.00382969207442
-0.00323091892073
-0.00303758293567
-0.00210145041167
-0.00216504286618
-0.0024433330062
-0.00220971685722
-0.00270335858962
-0.00228002865672
-0.00289605635475
-0.00371644301217
-0.00283102424911
-0.00249864838946
-0.00364158779083
-0.00360077185587
-0.00293466306025
-0.00313828169712
-0.00251326581376
-0.00160792609815
-0.00139443936924
-0.00131996226406
-0.000258438940158
-0.000293230971328
-0.000339973516523
-0.000714582424078
-0.000450829783163
-0.000605031463559
-0.000952753692504
-0.00109626438625
-0.000904571087048
-0.000295549184706
-4.97413171072e-05
-5.08164999544e-05
-0.000250469507074
-0.000651057771398
-0.00121812729347
-0.00128121222877
-0.00110235122374
-0.00100198099623
-0.000644196393702
-0.00017083423095
-0.000757394594209
-0.00102715177305
-0.00119101674832
-0.00119569248298
-0.00163649998271
-0.00204904884446
-0.00249129064137
-0.00363386921747
-0.00349916873761
-0.00446030433044
-0.00492668263455
-0.00382855719171
-0.00420324651468
-0.00320970165675
-0.00339430288287
-0.00368685170421
-0.00334191691549
-0.003960277848
-0.00390103118991
-0.00302055899672
-0.00324401398442
-0.00313623795542
-0.0023189454796
-0.00278406151386
-0.00322097119044
-0.00359815166274
-0.00423987105206
-0.00465585810357
-0.00401662640618
-0.00439471329853
-0.00531364458245
-0.00522079620753
-0.00554842182437
-0.00536044243651
-0.00563991721407
-0.00604373757314
-0.00520341662643
-0.00514271671463
-0.00472558011482
-0.00506173520058
-0.00367263875633
-0.00338296825568
-0.00342023240524
-0.00425778986292
-0.0041898086481
-0.00378773440442
-0.00319423359269
-0.00333559054693
-0.00290467068445
-0.00287419906989
-0.00336536262327
-0.00387053123517
-0.00416534624419
-0.00561382700458
-0.00490775037806
-0.00404958837033
-0.00474588276241
-0.00446006415446
-0.0035194371211
-0.00271897099034
-0.00278759994896
-0.00188827432026
-0.00249769368842
-0.00355472214692
-0.0042621190975
-0.00515395225222
-0.00388304365449
-0.00318090779104
-0.00332402397156
-0.0040921115959
-0.00372598430401
-0.00231792244644
-0.00250176006387
-0.00281811827473
-0.00177165843521
-0.00151569505138
-0.000719049095808
-0.00205482567189
-0.00243859906612
-0.00309582414755
-0.00268888101144
-0.00379354601094
-0.00591159472537
-0.0028028330381
-0.00192041510031
-0.00116067310123
-0.00149397374055
-0.00217733269315
-0.00200634556033
-0.00241236012427
-0.00225871086737
-0.00150404141074
-0.00325115380209
-0.00274469572567
-0.00257227855478
-0.00313078475799
-0.0027987698633
-0.00232445378339
-0.00201706745143
-0.00369682457466
-0.00335562155779
-0.00576568587465
-0.0052273635161
-0.00531791265672
-0.00815615091672
-0.0106796434607
-0.00959635025625
-0.0094633997191
-0.00891493598499
-0.00997135697839
-0.010525776175
-0.00884594764957
-0.00816992076775
-0.00904612916522
-0.00920242648316
-0.00938376580473
-0.00979968841748
-0.0106516816641
-0.00956393160441
-0.008944309038
-0.00848974634374
-0.00963347023846
-0.00754736928846
-0.00677082864868
-0.00616499707774
-0.00687978271737
-0.0069050945873
-0.00549654432201
-0.00543058874478
-0.00396153174673
-0.00419940940388
-0.00401178924702
-0.00410921945603
-0.004683265041
-0.00421010930904
-0.00464479174046
-0.0058721680906
-0.00436530630315
-0.00495915337111
-0.00516213826331
-0.00526442241556
-0.00387457706236
-0.00318410343974
-0.00274255848504
-0.0027213189942
-0.0022710811658
-0.00218407574219
-0.0027402831011
-0.00305007446012
-0.00218536423497
-0.00189746395914
-0.00442500425939
-0.00495683912164
-0.00536159054874
-0.0031659268965
