0.0319317795678
0.0325904621763
0.0342516602636
0.0344118544767
0.0340070921996
0.035152783167
0.0351375638669
0.0354837080619
0.0357822966351
0.035278861578
0.034044121749
0.0343685815809
0.0349931606388
0.0337137743428
0.0342385150513
0.0344643023379
0.0335390291987
0.0318407628499
0.0320035773652
0.0322598630631
0.0323922146806
0.0316335898707
0.0301105232822
0.0307910448771
0.0316978618966
0.0318436948975
0.03185720976
0.0309431173858
0.0296283804053
0.0296151284434
0.0272095370904
0.0258902989155
0.0258072229661
0.0238702521378
0.0235677049931
0.026002167864
0.0259508249571
0.0260992958542
0.0264926104344
0.0276346644527
0.0275095316976
0.0295637061782
0.0299749183995
0.028808389474
0.0272645112127
0.0275141951141
0.0271455387698
0.0264951735381
0.0278402845442
0.0255988186217
0.0273602803093
0.0272461119078
0.0255160582006
0.0285468211329
0.0292463392034
0.0288045510462
0.026225804278
0.0226346463243
0.0242727710643
0.028392670679
0.0314461291927
0.0337771915996
0.0346097032102
0.0346154051837
0.0343356464687
0.0338789692382
0.0337175454673
0.0335390584531
0.0346804933208
0.0332059563944
0.0336620892141
0.0341238928696
0.0340148652739
0.0341483617998
0.0345968277472
0.0349830689866
0.0351362396848
0.033724261608
0.0324968999341
0.0329386824306
0.034321460453
0.0348192785888
0.0350848709463
0.0355383219104
0.0355940556547
0.035787245931
0.0351586926731
0.0353697487118
0.0347127031003
0.0336791620365
0.0324772328858
0.0320913698725
0.0338898863161
0.0334436957145
0.0340139378466
0.0340823403251
0.0334203342552
0.0333920652071
0.0355472501745
0.0354219413416
0.035988208667
0.0366876874652
0.0363088025641
0.035522773111
0.0361440561874
0.035145932849
0.0349491761486
0.0344568218474
0.0350976963773
0.0358698230654
0.0356775409502
0.0343733916322
0.0343513314839
0.034768284208
0.0348905641315
0.035962705281
0.0356492108344
0.0357734233053
0.0355030674763
0.0359249804707
0.0359828941358
0.0353553350369
0.0364530023614
0.0369997015822
0.036842944483
0.036966227988
0.0370940384892
0.0371879199973
0.0369840801635
0.0361627238085
0.0361962065548
0.0363415378221
0.0369618379326
0.0357010634642
0.0353160126972
0.035814823311
0.0367127986354
0.0362865236452
0.0355427132247
0.0365884585372
0.0367212227726
0.0356023458681
0.0358960549075
0.0357535015064
0.0360690984586
0.0355598711368
0.0360303073826
0.0352743913394
0.0364831460225
0.0368848018385
0.0361952528208
0.0352508635669
0.0362488720784
0.0350618750831
0.0346109638173
0.0345468752499
0.0346196095357
0.0339733416328
0.0335293017657
0.0341232028864
0.0351989026073
0.0337730329061
0.0336033240915
0.0340084945782
0.0353877821564
0.035864089044
0.0359587805015
0.0348790585896
0.0354382405538
0.0340079971783
0.0345057848814
0.0329901822283
0.0337368906956
0.0325827822573
0.032666266701
0.0344970763214
0.0338528248239
0.0356680009898
0.0355567130099
0.0359582887566
0.0367960890839
0.0362555237036
0.0365405748711
0.0367843488503
0.0365342195024
0.035634537439
0.0358601025861
0.0353006319268
0.0354374491742
0.0356181212653
0.0356008648709
0.0351497736944
0.0341323815742
0.0342718364432
0.0334723691192
0.0336100145409
0.033549097459
0.0326985989073
0.0332766498032
0.0315179566142
0.0300145333441
0.0316487035939
0.0302921433465
0.0320809391498
0.0332988796874
0.0328155963526
0.0336683717912
0.0323581297894
0.0320259701225
0.0320736629998
0.0306030198988
0.0317969280562
0.0325832901196
0.0330977549913
0.0337790636696
0.0345864996126
0.0325834694731
0.0313320053852
0.0317350967657
0.0337379560459
0.0336843724205
0.0346395860963
0.0348247100134
0.0347479535208
0.0344248403603
0.0343944350502
0.0343584315754
0.0341989456697
0.0331660140744
0.0305610992706
0.0286767141184
0.0292168878243
0.0305513857393
0.0325545173268
0.0322149313286
0.033935657286
0.0343524900837
0.0352424081833
0.035096517872
0.0353493269442
0.034994339972
0.0343961498718
0.0345290394317
0.0352395769694
0.0350482712215
0.0353367874631
0.0353003215596
0.0345053849031
0.0344738573081
0.034861049587
0.0343316373219
0.0340707132831
0.0338922380553
0.0337613375295
0.0339629363515
0.0336067085279
0.0336233751149
0.0333472868648
0.0326987031625
0.0322333664497
0.0325229955398
0.0325553989823
0.0314995202227
0.0308747413738
0.0311478228959
0.0300398201437
0.0303849869999
0.0299675142737
0.0285949571371
0.0290820560222
0.0276186521311
0.027054499006
0.0256995345922
0.0258314314624
0.0268259554089
0.0264616478159
0.0279434664882
0.0291211331743
0.0311908171255
0.0293681612991
0.0310878760683
0.0312324843346
0.0302318726241
0.0303375185512
0.0316795167711
0.0319583751648
0.0328851757245
0.0322619164839
0.0338991798503
0.0332927638761
0.0337779956831
0.0347596269717
0.0347756257853
0.0342924498874
0.0341760233712
0.0334939335644
0.0333803015337
0.0338629912711
0.0338556071701
0.0336603463809
0.0342610315094
0.0347059077418
0.0341954078266
0.0344729513956
0.0345192916369
0.0348018689695
0.0345306103366
0.0349290851895
0.0347407635918
0.0345746257165
0.0340450756753
0.0343900324575
0.0342760873898
0.0336868848543
0.0334411171232
0.0325766719589
0.0327577511861
0.0323049090767
0.0314828605192
0.0315429046439
0.0313311174861
0.030108765798
0.0306081920952
0.0303649986578
0.0315609688196
0.0310341927628
0.0314750903917
0.0336370582193
0.0337641013305
0.0340883038029
0.0341864845713
0.0347535781001
0.034677479898
0.0345426092065
0.0337229676688
0.0340441754929
0.0334378591358
0.0345500605809
0.0337586507163
0.0335260080316
0.033093916769
0.0327654827848
0.0332855038051
0.032671195787
0.0334805631554
0.034096108931
0.0335511863793
0.0334655565181
0.0328315633848
0.0329042583572
0.0329156018008
0.0331044673524
0.0327400140629
0.0335139598495
0.0333665957087
0.0331777278912
0.0328494609912
0.0322562724265
0.0320538719057
0.0319593414887
0.0317002536227
0.032339760125
0.0329307711995
0.0327223489796
0.0324625007823
0.0317922716691
0.0310480073844
0.0309859600262
0.0309536311106
0.0309042080766
0.030997847597
0.0302519913121
0.0303891180598
0.0300606716101
0.0296719904494
0.0294214396214
0.02855424732
0.0293458367537
0.0290654665922
0.0290917701312
0.0299680109986
0.0303105410867
0.0300032347046
0.0290696226012
0.0289900988447
0.0290864156712
0.0288592859528
0.0299342049271
0.0300906511977
0.0303499600249
0.030514424819
0.0302733141965
0.0294284084313
0.0293110245669
0.0300545691613
0.0299534808493
0.0297665304436
0.0295355069538
0.0292213667342
0.0289521805256
0.0279426246101
0.0275075798343
0.0269452792053
0.0278006452563
0.0298038041462
0.0287142071708
0.0285287108115
0.0296431076993
0.0306031384045
0.0307099369883
0.0302716775561
0.0295731440647
0.0287646814719
0.0281177673231
0.0282087404632
0.0287154510275
0.0279443515164
0.028194141343
0.0285603490747
0.0281292421585
0.0288689739907
0.0281913457369
0.0272501783246
0.0276796183613
0.0286971021981
0.0286356519693
0.0295124122249
0.0298884262292
0.0299712461865
0.0295341807311
0.0293234286461
0.0280586176129
0.0288654523774
0.0287526112443
0.0282598003359
0.0281797153987
0.0285987565014
0.0279411926573
0.0281249527889
0.0273500778019
0.0281299368531
0.0279478868318
0.0271657937888
0.026710249635
0.0268884469296
0.0254496481971
0.0255633916255
0.0245204692126
0.0232239040877
0.023403144855
0.0224536919392
0.0244213855253
0.0252665727238
0.0243448517178
0.025209718353
0.0243487491759
0.0244853797916
0.0265266922476
0.0275885405277
0.0277026294844
0.0278223021688
0.0283775526154
0.0283908527674
0.02765393519
0.0271201195793
0.0273765943063
0.0272341502153
0.0272766245837
0.0273644684852
0.027224982201
0.0274073992638
0.027149867499
0.0280039967182
0.0273932449353
0.0274851506068
0.0274252322561
0.0268134622329
0.026415652204
0.025932482103
0.0254107901814
0.0255189994966
0.0243748545744
0.0247746862185
0.0242446892835
0.0241101727296
0.0244488405802
0.0257044558653
0.0257325450654
0.0254295420596
0.0244792060833
0.0251231159745
0.0252394457205
0.0258121529087
0.0262376474697
0.0264044216311
0.0261369656803
0.0261462599494
0.0261381383166
0.0258056613439
0.0250636756563
0.0254112085835
0.0253794172509
0.0253595066757
0.0249210694105
0.0243531440511
0.0238329095
0.0240094511536
0.0240539299321
0.0227053245355
0.0238123450423
0.0230273405799
0.0232042878246
0.0228383709744
0.0226519261389
0.0234198995689
0.0237862440538
0.0234428033222
0.0235587958052
0.0232757179985
0.0226427176083
0.0231419671791
0.0225708239824
0.0224739320487
0.022067002696
0.0213553274124
0.0200581531018
0.0206883057678
0.0204686494592
0.0200085717538
0.0182564567178
0.0183432346876
0.0194598737305
0.0201523369162
0.0198599908226
0.0207910901169
0.0208380292934
0.0201577359151
0.0208320521149
0.021287287285
0.0211010036029
0.0209378282195
0.0212829683506
0.0217841996476
0.0228308742924
0.0233917241827
0.0219615736355
0.0216628321762
0.0209277120356
0.0207663726063
0.0213362844523
0.0208860730442
0.0201517020952
0.0190982393493
0.0190839286016
0.0189565077473
0.0181240821764
0.0176354788513
0.0179120295419
0.0176382176779
0.01737425696
0.0189111614206
0.0192994788084
0.0189872295062
0.0182178607903
0.0189140724938
0.0186725990103
0.0195740625674
0.0198194262083
0.0206068193883
0.0208565083463
0.0208406903864
0.0208578145962
0.0210127667838
0.0205962559297
0.020926934689
0.0216461538218
0.0220924559772
0.0218202343837
0.0208420979111
0.0207779774615
0.0210693895117
0.0214303851519
0.0213731051861
0.0216787778769
0.0220884082458
0.0218953818585
0.0214030865928
0.0208648255057
0.0205486030721
0.0201988538284
0.0205486979745
0.0205978251673
0.0206812355314
0.0190957140695
0.0190958292799
0.0181759869225
0.0178529749673
0.0170884853844
0.0168982596108
0.0169014026478
0.0165710050727
0.017043510063
0.0161900540712
0.0155096376302
0.0146658320354
0.0160525511598
0.0157226447215
0.0183346277666
0.0196989515109
0.0191954388623
0.0184412119689
0.0191989405315
0.0177259144497
0.0183192269645
0.0195308883217
0.0196024591279
0.0188114351131
0.0181824545557
0.0196272948695
0.0200866651833
0.0191725965097
0.0205120623188
0.0198218565324
0.0201639847461
0.0194801050492
0.019517242484
0.0196176793312
0.0200046108281
0.019453102983
0.0194094918877
0.0184280649229
0.0187681080307
0.0183881058125
0.01737931797
0.0174132886943
0.017215947537
0.0174816693093
0.0169696902473
0.0164093927206
0.0161897015669
0.0153214462901
0.0145734891503
0.0156666348987
0.0157315538615
0.0153538646447
0.0149844875582
0.0145861933167
0.0141529611909
0.0130711111875
0.0127672524546
0.0123426434563
0.0127446608275
0.0142299549958
0.0131139242473
0.0157677460753
0.0162862712411
0.0158693451456
0.01495842108
0.0145064333632
0.0137467877514
0.0140171065028
0.0136841806248
0.0148906082377
0.0146056831558
0.0148354250741
0.014887898895
0.0151060610631
0.0146597121437
0.0151379574344
0.0147979647889
0.0153858807863
0.0148935785751
0.0150648393071
0.0156307857433
0.0158923113156
0.0152837395722
0.0152645225955
0.0152099544742
0.0148405061003
0.0146414395122
0.0145480045913
0.0140975457722
0.0133940932487
0.0130086535813
0.0130103911028
0.013415479073
0.0120677469663
0.0113988164752
0.0129356480706
0.0121910812483
0.012602960084
0.0140695757307
0.0134620464233
0.0137412056975
0.0133007134141
0.0131943192522
0.0127364660175
0.0128876734517
0.0125393161825
0.012884001524
0.0129616905432
0.0121396660272
0.0132073838441
0.0127874986194
0.01309404782
0.0136051950246
0.0132537714816
0.0136957598028
0.0133561018092
0.0134814059305
0.0137644776616
0.0132533238508
0.0128591301832
0.0123575173357
0.0124863043236
0.0120923479523
0.0120807018029
0.0120531665383
0.0113995546299
0.011133370876
0.0113904033795
0.0115185541851
0.0110713588681
0.0111791339
0.00958040958813
0.00827305948412
0.009076356677
0.00915020213955
0.00920611458313
0.00921236536335
0.00984742213259
0.00967616141103
0.0103603298592
0.00956407092912
0.00855132334913
0.00877194558288
0.0094189500965
0.00905768047402
0.00847420615797
0.00845958354023
0.00787381295416
0.00755703831502
0.00743755839771
0.00755219211993
0.00803118214289
0.00830042790116
0.00789262368676
0.00716488008857
0.00766682427053
0.00760703931149
0.00656465313014
0.00625408925563
0.00607789630343
0.00463907123051
0.00417952851944
0.00448283368808
0.00612701918654
0.00663661921716
0.00681035163205
0.00672145719763
0.00730028083534
0.00936822270683
0.00860450339772
0.00837868159997
0.0093033059483
0.00839175436735
0.00792614308823
0.00817632409907
0.00789120851415
0.00771614963032
0.00902620656871
0.00942714983383
0.0105124089306
0.0107079254167
0.00992985268409
0.00928891204865
0.00843204626949
0.00862289836124
0.00850253606972
0.00906653454929
0.00972124553985
0.0101402567408
0.0101453548868
0.00929086128194
0.00897678197449
0.00886229158981
0.00858614382897
0.00876870480913
0.00792489525219
0.00835068183008
0.00917747842407
0.00952995596458
0.0095290622391
0.00952479409715
0.00903545305694
0.00906129447696
0.00939287416257
0.00900840014524
0.00772066026986
0.00704382027282
0.00661211222128
0.00695049637758
0.00623515935723
0.00455286861699
0.00417909218037
0.0043481846339
0.00388726153937
0.00435634167686
0.00450532666898
0.00457095910334
0.00482130267955
0.00447466239154
0.00482224833286
0.00478918443395
0.00497948340643
0.00493490408147
0.00513073151845
0.00452544574945
0.00445859969208
0.00441615853135
0.00461026414479
0.00439964845418
0.00408594997731
0.00391425777518
0.00348675985491
0.00325773783578
0.00214480675957
0.00257093930903
0.00290497821233
0.00322131243675
0.00360380180452
0.00232690203115
0.000695732220375
0.000440298874428
0.000944723059592
0.00127855356933
0.00176292831604
0.00175207421735
0.00164790806578
0.00120669044409
0.0014607234672
0.000190277784183
0.000139525665705
0.000101339130688
0.000901219998445
0.000944494687736
0.00168127928229
0.00229690253184
0.00185806417696
0.00167496971635
0.000391986115198
0.000345133964026
-0.00036922024772
-0.000882230798234
-2.79706114136e-05
-0.000397395171316
0.00109112595214
0.00127141652447
0.00055084847759
0.000370730129206
-0.000301961590324
-0.00127669085777
-0.00104341775486
-0.00182802463541
-0.00119616334647
-0.00150911956702
-0.00163583512583
-0.00316659059771
-0.00389577853253
-0.00355090982418
-0.00224471509731
-0.00203275909579
-0.0010624122522
-0.0015681492528
-0.00129658284871
-0.00148015736756
-0.00171843598075
-0.00189813730353
-0.00256523118535
-0.00222318802092
-0.00137365321535
-0.00117350320027
-0.000592362584267
0.000322099851081
0.00136986521032
0.0010264920596
0.00155285092483
0.00219020826858
0.00239845227266
0.00356434640065
0.00437228798006
0.00475090983815
0.00422202104889
0.00442640200985
0.00435740555005
0.00365364946988
0.00299126414533
0.00248634642667
0.00296285497643
0.00302241483367
0.00323599780379
0.00368698244525
0.00283438457241
0.00263944988446
0.00361936595527
0.00270883266578
0.0020033047556
0.00307363769458
0.00386252324311
0.00420063047017
0.00509383886525
0.005643113273
0.00522577755111
0.00491231600427
0.00494951638544
0.0051917200586
0.0055636729697
0.00468039088743
0.00424830928156
0.00497972201585
0.00522012778926
0.00554162424108
0.00537279323086
0.00557205560493
0.00511124614612
0.00533163757488
0.00398170765857
0.00389741590525
0.00354389037064
0.00280205163365
0.00214179945402
0.00332031740929
0.0038687470259
0.00414653327728
0.00369363962322
0.00387509263771
0.00368219738378
0.00350382071307
0.00368366940724
0.00330584625763
0.00352489790938
0.00338688294529
0.0031299488837
0.00218675264759
0.0025872599367
0.00291390259853
0.00241202216731
0.00312936143667
0.00343218676179
0.00332167941087
0.00322705995729
0.00310635487432
0.00215404819284
0.00198137191227
0.00158270555924
0.00165707986257
0.0019151809513
0.00237689999234
0.00262110013819
0.00190465103188
0.00185874415049
0.00180401435233
0.00184686790657
0.00140061445303
0.00037188811261
0.00106788785359
0.00150408341515
0.00141939823615
0.00111411868726
0.000606105581172
0.000242315663309
0.000330438958897
0.000125920605138
2.10711339665e-05
-0.00184438226512
-0.00183023354616
-0.00261827862731
-0.00178862600147
-0.00135958335464
-0.00169529392277
-0.00253086644654
-0.00310859497963
-0.00492036872711
-0.00424890363032
-0.00456321782701
-0.0048161913138
-0.0042662834659
-0.00334607848549
-0.00212152791913
-0.00317783248116
-0.00167780809281
-0.00170388783871
-0.00196880288009
-0.00266939449218
-0.00315933116472
-0.00291318128118
-0.00592321354607
-0.00641690715897
-0.00803253572009
-0.00805693617947
-0.00677550316809
-0.00659634761866
-0.00538523366648
-0.00495867666418
-0.00379246544057
-0.00251280138251
-0.00229050727495
-0.00154460660107
-0.00263331792544
-0.0033010810337
-0.000865539261213
-0.00119574937437
-0.00185113146252
-0.00150168051911
-0.00251885668695
-0.00356174621771
-0.00192445740318
0.000243389668139
0.000473876249891
-0.00181880002962
-0.00248270761645
-0.00158435591612
-0.00262906969049
-0.00375713933593
-0.00441739790899
-0.00329605303865
-0.00484579638948
-0.00365198830649
-0.00446414849771
-0.00414412833881
-0.00494874999876
-0.00491293723265
-0.00693995856953
-0.00654075241965
-0.00764608929876
-0.00901431969591
-0.0101530796683
-0.00848444519
-0.00722242064068
-0.00778400429558
-0.00656648142236
-0.00694034182587
-0.00830288637801
-0.00859027585308
-0.00653431163594
-0.00415649705987
-0.0039166191678
-0.00308879179092
-0.00332461632148
-0.00449238113018
-0.00516840850444
-0.00566209135897
-0.00564134781777
-0.0040681642105
-0.00313989668456
-0.00474141791171
-0.00424915533331
-0.00282506119624
-0.0018803106385
-0.00217360651659
-0.00227683765663
-0.0036965767762
-0.00480803721248
-0.00441994807009
-0.00480189711242
-0.0062866945573
-0.00671623855865
-0.00616014269089
-0.00347008361246
-0.00349117495726
-0.00290053276239
-0.00452268423245
-0.00496361836758
-0.00717003953515
-0.00520060580067
-0.00766724931465
-0.00404716367799
-0.00345154031012
-0.000162285257556
0.000286628854895
0.00169821442325
0.0020025128165
0.00260651163923
0.00300216475999
0.00462041170298
0.00507752543516
0.00560100440903
0.00574759378792
0.00471238311795
0.0044065462588
0.00359209003871
0.00386275522717
0.00389757484181
0.00410777780763
0.00361790272641
0.00379442226828
0.00527544216513
0.00586627571732
0.00520719931088
0.00518058287552
0.00506978758665
0.00424242343583
0.00334661248018
0.00258049233078
0.00200636921215
0.00136162194415
0.00205096053499
0.00245633406673
0.00279112908698
0.00185860941148
0.00170923085826
0.00142289298171
0.00158397432237
0.002649720252
0.00183828786028
0.001855413285
0.00269212333795
0.00196011770605
0.00257627361326
0.00250292904037
0.00331802060331
0.00373885035819
0.0040106147175
0.0056985780754
0.0050870052994
0.00478007896998
0.00441042726319
0.00425470953604
0.00419576802905
0.00501151802524
0.00560173281107
0.0056345668417
0.00505306012341
0.00488236155379
0.00491643656175
0.00564986306557
0.00549975527788
0.0065330754417
0.00611523150904
0.00599363361373
0.00559169471668
0.00648667580514
0.00682430356094
0.00724645736248
0.00772201698292
0.00765851588625
0.0075275644692
0.00694640515498
0.00625578883656
0.00627952060281
0.00606497557764
0.00521325474541
0.00471220048844
0.00548076584104
0.00522046490845
0.0054182426152
0.0055838933137
0.00632984805557
0.00677195475487
0.00685422663104
0.00703950665303
0.00663366091561
0.00617544137105
0.00580223802011
0.00546090232264
0.00549148701676
0.00485738865184
0.00452034483187
0.00478091847607
0.00477557643461
0.00412187804092
0.00365273800563
0.00369202914589
0.00268403161756
0.00202471122078
0.000915259287627
0.00228260467236
0.00275986542118
0.00339713550604
0.00281068591122
0.00430239028989
0.00450094204801
0.00394615049325
0.00447179197069
0.00495383440397
0.00412390392306
0.00410411947866
0.00498998280718
0.00476300579598
0.00402960729697
0.00411792162699
0.00428895751493
0.00591763519187
0.00616949911352
0.00622597652939
0.00580482097689
0.00587165497492
0.00575208700851
0.00537526608319
0.00548584602042
0.00601169967839
0.00548944015202
0.00486892878703
0.0051254850023
0.00485708988505
0.00510030025234
0.00389818337245
0.00372171740501
0.00531489496396
0.00516747782219
0.00457898989273
0.00490350093967
0.00473533710874
0.00417573142192
0.0040374380043
0.00480056642361
0.00475455906664
0.00463314892156
0.00536819125065
0.00450211700148
0.00420220009887
0.00434377704362
0.00434375417101
0.00441197038576
0.00408843916029
0.00414584540139
0.00355690745928
0.00334157337028
0.00342011810194
0.00337663322333
0.00312508072135
0.00308562992746
0.00310334503484
0.00264482239849
0.00215565002021
0.00211925907474
0.00203654362485
0.00168306552857
0.00199898004164
0.00199296926832
0.00187677770773
0.00133737175129
0.0008734475123
0.000776870210094
0.000899477359069
0.000827580203553
0.000331640561702
-0.000948950695052
-0.0023744176691
-0.00186863254239
-0.00188779792111
-0.00119267325472
-0.00199299843315
-0.000809154921331
-0.000760059530218
-0.000820066671743
-0.00133045229719
-0.00135825138698
-3.86042283179e-05
-9.04471801207e-05
0.000831133804696
0.00110567207675
0.000548356462785
0.00151783091241
0.00135030571447
0.000901922148821
-0.00117396492908
-0.00159352772806
-0.0020222243771
-0.00196945278057
-0.00177602413346
-0.0021838613562
-0.0016840217536
-0.00168546731069
-0.00193993444891
-0.00220676768965
-0.00197029119466
-0.00284381212754
-0.00137886456333
-0.00171567146946
-0.00105636924373
-0.000799557887423
-0.00124109519439
-0.00138207006463
-0.00143420920422
-0.00182450643518
-0.0016393204728
-0.00201197726386
-0.0032101170582
-0.00306369270588
-0.0033535444755
-0.00307130262451
-0.00271170273814
-0.00322674601516
-0.00275735588068
-0.00384426423926
-0.00333449582392
-0.00326408161926
-0.00313786833077
-0.00421601046548
-0.00398349922758
-0.00443969926418
-0.0047168626795
-0.00488717152969
-0.0054944333907
-0.00589676418443
-0.00608576070504
-0.00655440305395
-0.00585239614242
-0.00693197618304
-0.00735069842593
-0.00866569267473
-0.00913306479583
-0.00828854561907
-0.00945126668618
-0.00911949168644
-0.00938942921411
-0.00849100414974
-0.00808226958111
-0.00780959708314
-0.00698829904818
-0.00708207660474
-0.00741123891024
-0.00735756721262
-0.00693723856661
-0.0067221667646
-0.00499321616823
-0.00450740337548
-0.00464138181803
-0.00450820878224
-0.0044658924231
-0.00502427617521
-0.00429207983402
-0.00548990407057
-0.00535883442625
-0.00553257813977
-0.00531629165758
-0.00536998532266
-0.00616337437523
-0.00678169691286
-0.0082173268083
-0.00746988791951
-0.00816802393964
-0.00826750730681
-0.00658844937342
-0.00681573461208
-0.00674634693171
-0.00785995697837
-0.0079170330645
-0.00884877346811
-0.00912543937652
-0.0107425950137
-0.0108718616693
-0.0104385686777
-0.00988978578398
-0.00944513914475
-0.00755102721225
-0.00691313838192
-0.00722118223293
-0.00622146523486
-0.00621523743726
-0.00542238230769
-0.0051643979295
-0.00541119674281
-0.00571266091166
-0.0056609689494
-0.00704931717234
-0.00708748564099
-0.00710351185757
-0.00888894540787
-0.0083523108538
-0.00889263631064
-0.00822161376094
-0.00636309133913
-0.00605459054609
-0.00732475146267
-0.00644344224967
-0.00565983290743
-0.00774088085848
-0.00769421042019
-0.00800146066071
-0.00683332553066
-0.00805983129103
-0.0055124734182
-0.00509972016064
-0.00406355193065
-0.00366648103675
-0.00275309573636
-0.00181560017333
-0.00291833224007
-0.00289922509165
-0.00494142403956
-0.00403697562602
-0.00173302741439
-0.000963532623362
0.000472680687307
-0.000262555056483
0.000936379153527
0.000223272339794
-0.00034602023911
0.0012600834663
0.00144616271306
0.000740486961696
0.000765817227878
0.000810286928221
0.000329944399165
0.000110935402654
0.00139757752229
0.00132787130744
0.000305049426351
0.000389312564527
0.000259548964014
-0.000183868414463
-0.000424581513459
-0.000118201612189
-0.000105382197879
-0.000498986619211
-0.00117127004853
-0.000700715175603
-0.000379785816768
-0.000710809771939
-0.000882127380195
-0.000700205834519
-0.000185524242412
-0.00056792445699
-0.00107541459431
-0.000550109032404
-0.000517638826848
-0.00106542901247
-0.0018918990385
-0.00197924170325
-0.00226976917879
-0.00245954549413
-0.00236051609335
-0.00232666286939
-0.00222884344335
-0.00326760218358
-0.00336254281026
-0.00379377706505
-0.00393116383736
-0.00465751566557
-0.0051712553143
-0.00502971274504
-0.00545471740464
-0.00464390128058
-0.00461257081525
-0.00446191465512
-0.00495234146243
-0.00489004083457
-0.00622705779531
-0.00602978702888
-0.00717768010684
-0.0069190008279
-0.00787475012879
-0.00707745255771
-0.00719306380308
-0.00499492862269
-0.00475673129127
-0.00605821560262
-0.00699731556302
-0.00608506038095
-0.00560052724777
-0.00581693402505
-0.00542689852832
-0.00556532225445
-0.00419961699437
-0.00240705179263
-0.00158579737789
-0.00217395574469
-0.00115472920767
-0.00138905152534
-0.00210007344544
-0.00122562175328
-0.00167149654263
-0.00198756689021
-0.00261189872994
-0.00329566435426
-0.00396992641383
-0.00527036698661
-0.00493048278565
-0.00492461039059
-0.00488129619933
-0.00480803225033
-0.00502740055394
-0.00547762730358
-0.00580685189146
-0.00602050089773
-0.00639795205358
-0.00528213013753
-0.00558535693532
-0.00532426056104
-0.00586423312122
-0.00584815235272
-0.00599882348494
-0.00639223351778
-0.00546681603694
-0.00506567882094
-0.00478032680138
-0.00428507110401
-0.00458612257593
-0.00539738057322
-0.00600297500034
-0.00477424503528
-0.00556258652692
-0.00533305175998
-0.00617742499254
-0.00595194846342
-0.00535318608401
-0.00554152308306
-0.00571293390949
-0.00669880355038
-0.00715827651761
-0.00622047491091
-0.00681852088821
-0.00675142530551
-0.00842461326016
-0.00881422500862
-0.00964417086687
-0.010240959837
-0.0098962955631
-0.0105920715914
-0.00892106782951
-0.0102352951718
-0.00848376585671
-0.00783626960146
-0.00674300420418
-0.00598398030202
-0.0063582104356
-0.00569226987108
-0.00488660561496
-0.00539792891534
-0.00492940279448
-0.00495297761251
-0.00597424704435
-0.00610106635433
-0.00652372934166
-0.00687657831662
-0.00751579673434
-0.00776218014632
-0.00888159619048
-0.00988593483728
-0.00949886706301
-0.00763687532963
-0.00721986749839
-0.00748025596256
-0.00836951344408
-0.00786210030164
-0.00695757570515
-0.00614652865973
-0.00688151159256
-0.00659069713646
-0.00639291320223
-0.00609460992858
-0.0071993193922
-0.00765174269147
-0.00805764484764
-0.00821069122389
-0.00889699933478
-0.00911907120065
-0.00969308506816
-0.0102073402088
-0.0110928096093
-0.0111799308673
-0.00988284440606
-0.00928881255997
-0.00922549435608
-0.00952297097443
-0.00932990179032
-0.00986867007854
-0.00973121510328
-0.0108949682623
-0.0115303102534
-0.011643701575
-0.0122049050891
-0.010680135505
-0.010080218721
-0.0104507712255
-0.0110916168093
-0.0103696691456
-0.00992340561042
-0.0105528465668
-0.0102331806143
-0.0105461340663
-0.0107539618106
-0.011917776251
-0.0127984239221
-0.0138067655781
-0.0131938793183
-0.0126561538307
-0.0133417702282
-0.0133671673896
-0.0147732249702
-0.0149864479385
-0.0148702305104
-0.0155867869555
-0.0157838285012
-0.0161576051163
-0.0179428963776
-0.0185208979985
-0.019780937362
-0.0193437912143
-0.0194882094751
-0.0191928161475
-0.0182983737862
-0.0180821050964
-0.0166474819746
-0.017207683121
-0.0167616439128
-0.0173640545313
-0.017116939654
-0.0183387757284
-0.0185718720132
-0.0190607522859
-0.0172141702242
-0.0177524913821
-0.0179606253649
-0.0174993952437
-0.0169004919506
-0.015626574483
-0.0153840803824
-0.0155470555943
-0.0153039951997
-0.015343777519
-0.0154800346699
-0.0149989564279
-0.0157110261284
-0.0144997916297
-0.014880228035
-0.0157275324319
-0.0165179123082
-0.0176688431505
-0.0166393478012
-0.0176631879766
-0.017643636209
-0.0171285394628
-0.0173940395113
-0.0174486411067
-0.0187457132789
-0.0181446033804
-0.0187947318259
-0.0173756830826
-0.0171548261294
-0.0157017775213
-0.0174466357876
-0.0167006384817
-0.0180159522176
-0.0177254080084
-0.0194760517732
-0.0196707261092
-0.0195522447486
-0.0209125208985
-0.0205978574071
-0.0202529160235
-0.0212644795781
-0.0224070448026
-0.0220550698012
-0.0227514442996
-0.0209597566031
-0.0210141054133
-0.0211897460436
-0.021917145959
-0.0210304977711
-0.0214738984395
-0.0229407856901
-0.0230809122248
-0.0218994290431
-0.0220129476462
-0.02209388541
-0.0226991488055
-0.0233870828378
-0.02384305043
-0.0223327267299
-0.0212050440573
-0.0219086111307
-0.0230738776761
-0.0221537719622
-0.0250556988845
-0.0241461984371
-0.0241822893781
-0.0258176898974
-0.027013201129
-0.0268802752674
-0.0277333888301
-0.0300161753477
-0.0302234736314
-0.0323428132239
-0.0315053263341
-0.0317919117708
-0.0307218313662
-0.0307443857825
-0.0306128211607
-0.0285609953832
-0.0270246194862
-0.0270403744264
-0.026150076943
-0.0270534760599
-0.0258686802897
-0.0255881526582
-0.0243294255142
-0.0242935032544
-0.0224556323109
-0.0220165684062
-0.0214594321752
-0.0226502736679
-0.0203707837118
-0.0205074747008
-0.0219734877294
-0.0228066354014
-0.0228265411755
-0.0232278816971
-0.022575261942
-0.0218711875116
-0.0208068489083
-0.0221820718421
-0.0225530380351
-0.0225937901647
-0.0231211780214
-0.0226268295237
-0.0239093338021
-0.02167363427
-0.0220845712486
-0.022144892363
-0.0203845809853
-0.0205014148986
-0.0190626199774
-0.0178491012841
-0.0182962880927
-0.0161305874682
-0.0171552087717
-0.0165920056271
-0.0180027225043
-0.0186832816633
-0.0198724558117
-0.0197618817106
-0.0201833607736
-0.0204013854535
-0.0201079216041
-0.0191156199985
-0.0193889233781
-0.0176865064518
-0.0170030092799
-0.0197920416802
-0.0190965636646
-0.0198889914328
-0.0177843709203
-0.0192249394361
-0.0178394389518
-0.0201298557468
-0.0216844683562
-0.0207665685748
-0.0212124108443
-0.0238459716146
-0.0198318299354
-0.0207746532855
-0.0228699027766
-0.0243699095872
-0.0269906171521
-0.0293987632585
-0.0263836185135
-0.0233222049488
-0.0232583829763
-0.0226686969716
-0.0201172135284
-0.0231309183584
-0.0201514728796
-0.0193464959389
-0.0186806199153
-0.019357360758
-0.0171213951952
-0.0148674759781
-0.0177243628329
-0.017444376307
-0.0183100891912
-0.020728894424
-0.0208678927959
-0.0247513166653
-0.0234736562367
-0.0218958478539
-0.0214119594675
-0.0185582613277
-0.0164848936089
-0.0194031450312
-0.0182632550083
-0.0193819444347
-0.0156599904996
-0.0155952632004
-0.0182609874743
-0.0179880844772
-0.0139552503608
-0.0143166422411
-0.011360622169
-0.00894296921419
-0.00786857990527
-0.00498073086509
-0.00474124802072
-0.00800729105778
-0.00285877823148
-0.00332398410835
-0.00450852153239
-0.00445526227008
-0.00327582875709
-0.00169663744967
-0.00467669005811
-0.00806183696295
-0.005023161584
-0.00647230901273
-0.00321585754732
-0.00390666204908
-0.00458090146427
-0.00543950156332
-0.002725780148
-0.00384544496354
-0.00452186856825
-0.00249073950378
-0.00228051369241
-0.00152319176292
-0.000705122019103
-0.00207885553935
-0.00239543878306
-0.00278035110609
-0.00151043154245
-0.00194812897352
-0.00253690086262
-0.00299256771031
-0.00256423501336
-0.00184221614976
-0.00169926902877
-0.00186104394913
-0.00202163954391
-0.00142071435607
-0.00123522001749
-0.00238455820857
-0.00159317635529
-0.00193020860046
-0.00304288158353
-0.00227979071247
-0.00187849006057
-0.00125599775206
-0.00210385866617
-0.00349215127122
-0.00216611143837
-0.00262282258599
8.39867881331e-05
0.00015682127542
2.4853135239e-05
-0.000156349656522
-0.000425403553471
-0.00122749828286
-0.00278646169119
-0.0016028609933
-0.00162872156371
-0.00114991586521
-0.00171773868742
-0.000557515522699
-0.00170334565072
-0.000600974732932
-0.000993836049338
0.00042498097198
0.00015171572985
0.000184133503781
1.49745135751e-05
0.00109173704622
0.00100506402586
0.00083395095618
0.000708471526259
0.00192026815534
0.00164343778296
0.00215229500141
0.00190803552528
0.00170138401554
0.000895599679239
0.00132391763786
0.00205743251694
0.00310312434694
0.00319895524056
0.00499235230212
0.00401681204149
0.00456284669742
0.00506081484016
0.00547836561067
0.00540100400425
0.00560291628871
0.00547845717322
0.00554950500488
0.00678165973504
0.00711283480514
0.00825666963095
0.00916269411722
0.00917437440778
0.00877243792255
0.00776510662985
0.00718081830113
0.00767175629302
0.0071687071481
0.00749932426852
0.00674400766389
0.00841189879208
0.00804046857931
0.00778400193436
0.00738763474463
0.00645656393051
0.00604578693213
0.00746646465556
0.00724554794762
0.00691974843953
0.00665004597279
0.00705895011731
0.00754799690379
0.00787577277433
0.00715969477119
0.00756479705251
0.00562748622647
0.00494619008915
0.00515166959136
0.00753589415036
0.00733360064257
0.0078545860124
0.00797660761008
0.00760037693637
0.00708056058264
0.00632402429
0.00602549172459
0.00416092988255
0.00499162584827
0.00547259698091
0.0061312080615
0.00656853730564
0.0057150621572
0.0051994007344
0.00314324266842
0.00501097859676
0.00332131448376
0.00348153166737
0.00439492457202
0.0036641924173
0.0040675666644
0.00147133546781
0.00313056672401
0.00434739567559
0.00575253348434
0.00484697967125
0.00577824821257
0.00576444885816
0.00766148831682
0.00799417168981
0.00757466504509
0.00716434877941
0.00624451600297
0.00587155537725
0.00670350748703
0.00619430844251
0.00573255318554
0.0054661204566
0.00634361571305
0.00505032982924
0.00501532601327
0.00425592879239
0.00450199514502
0.00439134088635
0.00517093650836
0.00733972007902
0.00805108285898
0.00723961086143
0.006159729349
0.00634633414743
0.00620899767499
0.00465450658065
0.00527730465091
0.00437318474307
0.00289074701859
0.00324442153248
0.00335642477866
0.00589988670163
0.00595817758042
0.00846195537938
0.00773642952444
0.00832133122344
0.00756791133955
0.00667265263347
0.00728111103904
0.00713707614316
0.00886294469582
0.00868924136688
0.00875775690754
0.00942215826901
0.00919123805176
0.0100973058411
0.00967282103264
0.00909295791639
0.00759730064646
0.00755881373267
0.00793516096408
0.00763215156118
0.00895172178129
0.0100705964576
0.0105493800696
0.00990099265333
0.0117129286685
0.0108548196487
0.0105328827182
0.00926166224035
0.00833046245904
0.00907465508826
0.00969272590161
0.00892972552937
0.00892213984661
0.00715778012913
0.00607686999795
0.00792378411297
0.00627495154858
0.00816768486981
0.00776366736827
0.00945388135669
0.00917606297855
0.0101291233369
0.0103891623
0.00836776938367
0.00962549661556
0.0104701611211
0.0107205730715
0.0131312199161
0.0120652995475
0.0131183925221
0.0128850858678
0.0150556922358
0.0139616695802
0.0144238631929
0.0139302699361
0.0126252428143
0.0123216385755
0.0123676805722
0.0115952136918
0.0111815092445
0.0127863182727
0.0125283760419
0.0124933536
0.0131599027368
0.0136087363134
0.0133483789758
0.012984716457
0.0130873506746
0.0121349325073
0.0126966496937
0.0121412000093
0.0119933629376
0.0121186401379
0.0124118453172
0.0111296585226
0.01118716053
0.0108277431014
0.0107706744165
0.0108415493074
0.0113253617169
0.0107903240535
0.0108667723345
0.0104553872266
0.00806676700078
0.00814622651285
0.00803475982235
0.00691739512587
0.0069083199255
0.00615870193677
0.00597571944049
0.00737082411762
0.00640816534347
0.00720226693784
0.00654102644104
0.00541928324843
0.00595008311979
0.00450616057473
0.00621706388926
0.00700927938358
0.00608815536108
0.00622362991464
0.00535888390333
0.00521043301121
0.00506186218356
0.00357547634539
0.00345860419008
0.00485068908764
0.0063131530979
0.00700653559675
0.00722367855735
0.00955262105018
0.00776704696507
0.00729537433802
0.00589724849471
0.00766081477113
0.00744424533506
0.0070808530732
0.00823429572775
0.00743843877762
0.00859145253592
0.010502072992
0.0101088419203
0.0116034866591
0.0108754730672
0.0118091607996
0.0115694646493
0.0116042752024
0.0116224613279
0.0116768421787
0.0111874276374
0.00955777348112
0.0091749272689
0.0102763140849
0.0100102911715
0.00953370412816
0.00952008045419
0.00919713802508
0.0084557108627
0.00849181126601
0.00847230297845
0.00780275772885
0.00834372703325
0.00866548389067
0.0097107475165
0.00926642028206
0.0103024709611
0.0098776026902
0.00992544380595
0.00917892894515
0.00893282428254
0.00796881528834
0.00886415042569
0.00881292812758
0.00811117361481
0.00949832396229
0.0100667159189
0.0105064843305
0.0103525303518
0.0100983496465
0.010034151498
0.00971026228037
0.00979978646118
0.00948784382399
0.0102200716539
0.0101098980989
0.0101642166902
0.00977475971456
0.00923237115248
0.00941066646952
0.00910279754378
0.00883575802997
0.00914250108943
0.00831442771419
0.00952859647787
0.00922360663872
0.00925963584069
0.00913355621826
0.00908269245322
0.00867742392937
0.00816241327594
0.00810884461733
0.00874220919826
0.00854601262474
0.00833144216087
0.00758955916731
0.00778434137297
0.00807281351062
0.00723090565521
0.00761755408916
0.00707403088854
0.00710945520198
0.00653799235565
0.00597598333107
0.00549945061366
0.00595694244929
0.005703385334
0.00562331726752
0.00543404967617
0.0054390319176
0.00483031511342
0.00450625639219
0.00468275509447
0.0043349955387
0.00492175822315
0.00532514432452
0.00523698198549
0.00507070134042
0.00504126074756
0.00351851296095
0.00317567939237
0.00234214960893
0.00263390039843
0.00239162914761
0.00194308418604
0.00361350447714
0.00369584373039
0.00370439657868
0.0030129671218
0.00328708617831
0.00238408786852
0.00319008811926
0.00406264064054
0.00469154903038
0.00422099574813
0.0067973135903
0.00642853509617
0.00668564017825
0.00685662051243
0.00699716596603
0.00685299580685
0.00704009408612
0.006913729443
0.00641013213114
0.0060114264675
0.0062682312716
0.00667231988966
0.00690434140623
0.00697784831011
0.00684159053913
0.00688399698795
0.00670318866552
0.00637386567359
0.00576472002806
0.00559537546712
0.00578585956227
0.00589080292608
0.00657153243261
0.00629989136474
0.00578271567524
0.00596943584595
0.00565600560328
0.00556420719018
0.00513987308525
0.00501998113705
0.00448333898384
0.00394321481273
0.0038939601847
0.00399993800363
0.00385738977509
0.00476128282123
0.00432678832003
0.00461409130328
0.00494920377195
0.00490070947562
0.00418364382466
0.003875831751
0.00429157499759
0.0045435360049
0.00460021328382
0.00432902325032
0.00456521779799
0.00422894498327
0.00365688948702
0.00373264090909
0.00393236233954
0.0036686180805
0.00387406456454
0.00433296575691
0.00456908630624
0.00422544310835
0.00391156169876
0.00399465835538
0.00320476105244
0.00254952328935
0.00269737838667
0.00351323662005
0.00379169340069
0.00349558629968
0.00340410768311
0.00369138580869
0.00355499045703
0.00355194773663
0.00319152012897
0.00267610629295
0.00242678671427
0.00237765379273
0.00273681954043
0.00311283302024
0.00309054852428
0.0027429686574
0.00297317873852
0.00304644760911
0.00321741488783
0.00312776755223
0.00327252272899
0.00385483765658
0.00363049350211
0.00322156060702
0.00279551582516
0.00260538800346
0.00264783163769
0.00240680872199
0.00267337927847
0.00289657560823
0.00280435109219
0.00270433056229
0.00196741781782
0.00228512006459
0.00175082789474
0.00162294937357
0.00184433566782
0.00167837358959
0.00101692659272
0.00135636414965
0.00125716901383
0.0015954047225
0.00129784406761
0.00127165600729
0.000446467868474
-7.69300729719e-05
-0.000171464422584
-1.49244175622e-05
-0.000220518850543
0.000253996352976
0.000115760142899
0.000307791217054
0.000578194628259
0.000447432150341
-0.0005697104652
-0.000130277031991
-9.4990983509e-05
0.000382873695205
0.00079586766444
0.000446051643331
0.000104874967247
-0.000122267213121
2.85751700787e-06
-0.000334342569554
-0.000588296118544
-0.000675362051768
-0.000720250876897
-0.000731574926779
-0.000724894682593
-0.000629614836512
-0.000694096872057
-0.000543766494793
-0.00156814052847
-0.00239900951838
-0.00256474175003
-0.00208936854586
-0.00203456617101
-0.00180519271252
-0.00153426858129
-0.00161622231122
-0.00188037791376
-0.00223427540936
-0.00257912955455
-0.00266374707352
-0.00223616180587
-0.00280569258464
-0.00267109534746
-0.00296738001952
-0.00388548362446
-0.00531652828317
-0.00494959871495
-0.00437499781529
-0.00573542996377
-0.00583367532249
-0.0055253136
-0.0048619563592
-0.00389664535586
-0.00340498630189
-0.00380363977259
-0.00392192183965
-0.00373718627385
-0.00403243253438
-0.00365150261922
-0.00425808948442
-0.0046372468109
-0.00610877918372
-0.00615540381513
-0.00553891976035
-0.00585209811585
-0.00588231985748
-0.00571784253017
-0.00669782611369
-0.00658693752654
-0.00604687613299
-0.00580912709753
-0.00733348698123
-0.00756563794235
-0.00659249701452
-0.00580303579496
-0.00564132931931
-0.00544554964539
-0.00496871144425
-0.00424957509117
-0.00297075054493
-0.0029114351724
-0.00358395987148
-0.00385023071668
-0.00280189836238
-0.00320580576275
-0.00406745614365
-0.00390731615796
-0.00393160747788
-0.00354549767092
-0.00352385545355
-0.00316732736103
-0.00205596603932
-0.00202494908505
-0.00143436488998
-0.000501110064376
0.000261656332791
0.000232822333244
-7.11735252937e-05
0.000125772378789
-0.000705902122994
-0.0008472682388
-0.000543820985649
-0.000845073886908
-0.000611360860175
-0.000977541578884
-0.000902714652763
-0.00142773506695
-0.000973045486726
-0.000702294923649
-0.000640585692048
-0.000471683555874
-0.000630553168908
-0.00208601304274
-0.00203705160267
-0.00198877054999
-0.00197903285015
-0.00151221025147
-0.00149379984689
-0.000924846947536
-0.000693033260907
-0.00145599244852
-0.00182423131031
-0.00180524765534
-0.00142660683105
-0.00157832184752
-0.00219118582287
-0.00150018160721
-0.00165088357279
-0.00193427254167
-0.00220087641833
-0.00263392207332
-0.00213726409674
-0.00213292570634
-0.00227257673726
-0.00272532662128
-0.00316270612985
-0.00385174447098
-0.00409684963294
-0.00461843568247
-0.00413902138491
-0.00420718564417
-0.00372830819013
-0.00332367169113
-0.00311067196824
-0.00332443017606
-0.00368723448341
-0.00291777009489
-0.00272315645138
-0.00285966915382
-0.00239083158973
-0.00310181714783
-0.0031178952359
-0.0032482768312
-0.0033384093218
-0.00363482927129
-0.0043978523633
-0.00416813085188
-0.00401782519687
-0.00421037190658
-0.00479701985675
-0.00383092133518
-0.00372070090521
-0.00353822568034
-0.00277258330663
-0.00267102177854
-0.00259690998818
-0.00285858611672
-0.00338078323124
-0.00388194266165
-0.00394569880962
-0.00388786911978
-0.00393171094345
-0.00289308425975
-0.00306096356948
-0.00248971224275
-0.00221108498762
-0.00221409651961
-0.0013450299083
-0.00183609811037
-0.00172367030706
-0.00255284627604
-0.00310251304348
-0.00333223868094
-0.00358651832831
-0.00494915044951
-0.00452718510319
-0.00458249151667
-0.00447569456945
-0.00415256534279
-0.00409426934531
-0.00438938082566
-0.00451078118247
-0.00430906018506
-0.00414519863719
-0.00425475641055
-0.00430237538602
-0.00478409602316
-0.00512310334189
-0.00507935913924
-0.00510740573405
-0.00501086932555
-0.00448780750656
-0.00460692599015
-0.00457802860659
-0.00480874787555
-0.00535906860047
-0.00472098307103
-0.00492142501161
-0.00407215297634
-0.00440125207833
-0.0045901725172
-0.00495939356169
-0.00554522229569
-0.00617253257957
-0.00699178523208
-0.00730556151229
-0.00709815998257
-0.00706960751034
-0.00741145919801
-0.00797456690316
-0.00780192747998
-0.00684907555824
-0.00721795524481
-0.00699627639159
-0.00722650618098
-0.0079941869598
-0.00820328060346
-0.0089909074369
-0.00958636636395
-0.00899654098961
-0.00851971136304
-0.00873745722955
-0.0096457408074
-0.00945613515093
-0.0087633989844
-0.00968059876296
-0.00885009116518
-0.00894897589815
-0.00924627542423
-0.00935346676005
-0.00899862573696
-0.00886594302647
-0.00834368805249
-0.00848918206349
-0.00827520756937
-0.00702944094514
-0.00607123593387
-0.005943728664
-0.00593405003917
-0.00636860881641
-0.00642951129868
-0.00639962627652
-0.00645694649169
-0.00654880601055
-0.00671410637338
-0.00633194496142
-0.005525700471
-0.00514443820888
-0.00520978282124
-0.00534857767738
-0.00549279933865
-0.00505598618756
-0.00506619568085
-0.00584591409071
-0.00558281561205
-0.00594947893236
-0.00666724334461
-0.00662003451841
-0.00679666975873
-0.00763563358093
-0.00753456168197
-0.00773241039441
-0.00740593616647
-0.00727910305835
-0.00703436237256
-0.00677368589669
-0.00687575216655
-0.0065911355196
-0.00642532343582
-0.00606096096456
-0.0055462898405
-0.00551748875895
-0.00518545578223
-0.0056703545303
-0.00576579154833
-0.0061363244816
-0.00570831964416
-0.00505251038607
-0.0046258015618
-0.0047402236542
-0.00510395925146
-0.00514492258862
-0.00454731380597
-0.00505068684149
-0.00531223234375
-0.00548221848261
-0.00490278229557
-0.00518386186337
-0.0046114843446
-0.00500213867714
-0.00515044654743
-0.00483533723666
-0.00518549281357
-0.00521783452706
-0.00527499760122
-0.00553929306944
-0.00623912485219
-0.0069802801112
-0.00727564217261
-0.00679963582618
-0.00705387844672
-0.00718163723785
-0.00688449152269
-0.00684268248986
-0.0074999139145
-0.00752125871071
-0.00691315449314
-0.00605799432529
-0.00570604778928
-0.00568663060084
-0.00526036922005
-0.00594862285592
-0.00639750268261
-0.00689410101627
-0.0071839335177
-0.00739580418477
-0.00748941673853
-0.00757381230448
-0.00734249783016
-0.00757742434981
-0.00756958852544
-0.00706636762944
-0.00737820334886
-0.00786230282175
-0.00760891422539
-0.00781799602339
-0.00823262774519
-0.00794046591274
-0.00798464141405
-0.00832263855695
-0.00813186547302
-0.00838659289514
-0.00942924709986
-0.00977570135984
-0.0102858270757
-0.00963217485276
-0.00881725321155
-0.00888580727854
-0.00827996301098
-0.00867022012453
-0.00858501873242
-0.00832017931283
-0.00914862343208
-0.00925556086842
-0.00969140067547
-0.0103589835697
-0.00964876494165
-0.00946017740455
-0.00913636496031
-0.00958616696045
-0.00946347481752
-0.0104544618658
-0.00969597976033
-0.0100233557855
-0.0102559335101
-0.00931845854206
-0.00829566840009
-0.00770281806932
-0.00803823491578
-0.00780414049096
-0.00742302630378
-0.00790749223607
-0.0078813857046
-0.00812858072112
-0.00786173441263
-0.00765807654941
-0.00776520358521
-0.0083690850549
-0.00808683312534
-0.00814521006017
-0.00827793506654
-0.00785482420284
-0.00720211330926
-0.00706917255584
-0.00712027747529
-0.00684196537272
-0.00652169287674
-0.00610234177723
-0.00625518551065
-0.00597358433202
-0.00574572393656
-0.00504299423666
-0.00491389948582
-0.00495461369654
-0.00579086101289
-0.00572642808871
-0.00577332004486
-0.00573830285279
-0.00535238469675
-0.00633280528191
-0.0073659512025
-0.00760100871311
-0.00679156577126
-0.00709320104645
-0.00665920398659
-0.00682878888264
-0.00688760290947
-0.00693071265332
-0.00711356878397
-0.00742391409168
-0.0070430349767
-0.00717268478578
-0.00731183570845
-0.00802591800598
-0.00757529482755
-0.00790606614631
-0.00836655403865
-0.00880699514285
-0.00839279338922
-0.00835350584806
-0.00879000001988
-0.00912401593481
-0.00887155486925
-0.00851611701571
-0.00777284800473
-0.00738550699231
-0.00792219924113
-0.00823316410685
-0.00794850447972
-0.00805515961246
-0.00768976594035
-0.00798821018807
-0.00785880685409
-0.0082135354988
-0.00794414590349
-0.00718069258291
-0.00669432917962
-0.00660209910995
-0.00667288159619
-0.00652390382664
-0.0069366715736
-0.00654881904901
-0.00658931783188
-0.00676835253427
-0.00702370968989
-0.00721637901453
-0.00690295858655
-0.00680886505198
-0.00753124374471
-0.00770642755081
-0.00838387272647
-0.00872131756326
-0.00919230589672
-0.00928925333466
-0.0086299265049
-0.00849656691639
-0.00870410784835
-0.00855685645985
-0.00904307163516
-0.00894809903599
-0.00852662820883
-0.00877730291216
-0.00884722124116
-0.00884866046054
-0.00888687028386
-0.00837575683495
-0.00851442296075
-0.00870207082411
-0.00841128126236
-0.00843831531809
-0.00918918609846
-0.00953495486917
-0.00949064469728
-0.00967370712538
-0.00972649424533
-0.0099149815988
-0.0107788342858
-0.0114539874058
-0.0112197649337
-0.010873013942
-0.0110119712653
-0.0112017283864
-0.0117523663375
-0.0126249448353
-0.0128783440628
-0.0123796156055
-0.0126589767596
-0.0126238089267
-0.0120289948427
-0.012344902544
-0.0125128956835
-0.0119153141787
-0.0112531311139
-0.0111313559905
-0.0110538293901
-0.0108310299712
-0.0100884805096
-0.0102173855516
-0.00982316403921
-0.00945216276346
-0.00992049415225
-0.00874578540486
-0.00887295297715
-0.00908955628185
-0.0090506881437
-0.00906097395824
-0.00850750124746
-0.00799816070868
-0.00863846763087
-0.00836779524893
-0.00883603226321
-0.00903458175661
-0.00862570286436
-0.00870677378206
-0.00871893430665
-0.00872091113581
-0.00885324005923
-0.00857090024898
-0.0092224544419
-0.00908123770325
-0.00965091618756
-0.00976035658085
-0.0101587399804
-0.00969256140096
-0.0098495946588
-0.0097784343881
-0.0100960333873
-0.0098822533419
-0.00994402197386
-0.0103863293824
-0.0101910356637
-0.0107957921781
-0.010957909601
-0.0119121605448
-0.0121021262682
-0.0115026820788
-0.0114903801214
-0.0121084965558
-0.0120367637106
-0.0114572649226
-0.0105816354689
-0.0104942460522
-0.0101043971963
-0.0105346683319
-0.0105096151471
-0.0107729502864
-0.0112007005868
-0.0119076126109
-0.0116475149493
-0.0112351075727
-0.0114056321929
-0.0109149362673
-0.0108156818154
-0.0107724312808
-0.0107074519301
-0.0105116569829
-0.0103937297849
-0.010530651831
-0.0107699696113
-0.0111837708849
-0.0105924215277
-0.0107270060717
-0.0103347385816
-0.0102287736776
-0.00959012819864
-0.00997858779576
-0.0101046207965
-0.0096511619165
-0.00897516084636
-0.00910364595613
-0.00988994634605
-0.01015292924
-0.00983431910161
-0.0101849463454
-0.0102727703697
-0.0105391277789
-0.010893512804
-0.0102094810318
-0.0104240501895
-0.00981461880686
-0.00987858224963
-0.0109115209809
-0.0111495297672
-0.0108579671574
-0.0108175522047
-0.0109056198279
-0.0108408299095
-0.0112120580894
-0.0114127535494
-0.012371400565
-0.0127580413402
-0.0131125254635
-0.0131694264558
-0.0128462670149
-0.0131624285776
-0.012712161295
-0.0129680210039
-0.0128765163514
-0.0132039300783
-0.0135349330185
-0.0126764625572
-0.0115964331114
-0.0111454117137
-0.011028313784
-0.0114270313644
-0.0117447144592
-0.0116125534742
-0.0111357774711
-0.0101102636771
-0.010622975712
-0.0106792887805
-0.0105898917619
-0.0116525388828
-0.0120589213435
-0.0111786922743
-0.0111209388574
-0.0114904019864
-0.011692027876
-0.0113120936961
-0.0103633521414
-0.0105368519059
-0.0102349995442
-0.00987360750572
-0.00987462279859
-0.0102218487272
-0.0103113168644
-0.0105583506817
-0.010515928085
-0.0109327197668
-0.0115130367263
-0.0116886820739
-0.0125969640224
-0.0123081211944
-0.0123574911488
-0.0116375329393
-0.0108731229163
-0.0108763116745
-0.0114132798915
-0.0117496984187
-0.0110023506608
-0.0116947396828
-0.0107600002173
-0.00969189053181
-0.00926831461351
-0.00851351314413
-0.00914130298512
-0.00939300782064
-0.00936123699039
-0.008883136119
-0.00972276509364
-0.0101090621636
-0.0103965990433
-0.0103899816287
-0.0102384248174
-0.0102229039384
-0.00975452891419
-0.00972959458897
-0.00921818046912
-0.00990425591104
-0.00959596288259
-0.0093841587735
-0.0102959850032
-0.01041373233
-0.0101977192072
-0.010852925332
-0.0111625970848
-0.0109410754966
-0.0109169825189
-0.0108439304228
-0.0104939089231
-0.010230047938
-0.00944563383662
-0.00919118352546
-0.0100131264459
-0.00946126112266
-0.00925615146381
-0.0100128535085
-0.0099596401715
-0.0105926715347
-0.0103373790012
-0.0107159939068
-0.010221693341
-0.010059275159
-0.00964654944263
-0.00993565639495
-0.0100117555577
-0.0100450937737
-0.0108406073511
-0.0108584663527
-0.0110065752776
-0.0108898120454
-0.0114362839453
-0.0115270267058
-0.0115482568918
-0.0116037102973
-0.0123892398403
-0.012570852261
-0.0130575583174
-0.0134546592602
-0.0137454578915
-0.0138535264773
-0.0140114343893
-0.0147395229402
-0.0140655781637
-0.0137722796864
-0.0141664660873
-0.0140093289892
-0.0137821365868
-0.0139530370781
-0.0140416312821
-0.0147677461454
-0.0148354885704
-0.0149697232023
-0.0152535501645
-0.0158533864639
-0.0154596017294
-0.015021706605
-0.0153635607919
-0.0154882079504
-0.0150328249231
-0.0146758469857
-0.0150084183749
-0.0159231012701
-0.0159954458435
-0.0156430297923
-0.0154243541733
-0.0153514365013
-0.0152499093067
-0.0151452857425
-0.015391935109
-0.0155518199143
-0.0152318058393
-0.0156739416305
-0.0162670603032
-0.0163805697724
-0.0160841582671
-0.0164466971836
-0.0153469335586
-0.0156181702499
-0.0158762873119
-0.0153046163732
-0.0156156360656
-0.0153630391555
-0.0156128539167
-0.0161008959739
-0.0160136142961
-0.015996422627
-0.0158732968824
-0.0161258549316
-0.016453936516
-0.0165666760129
-0.0167272446434
-0.0176921763093
-0.0173666189321
-0.0177725793186
-0.0172644397989
-0.0167366927519
-0.0161328688127
-0.0161454588113
-0.0155971687698
-0.015428911068
-0.0158570520634
-0.0157622876633
-0.016333260798
-0.0161292900887
-0.0162986716413
-0.0165414227963
-0.0158966668054
-0.0157116438581
-0.0161884027002
-0.0160094654027
-0.0161190824881
-0.0164636278635
-0.0173043724386
-0.0175514446931
-0.0176755558974
-0.0178121955957
-0.0179842543199
-0.0178397749572
-0.0172147273597
-0.0173508523981
-0.017564054048
-0.0179779439093
-0.0184697242292
-0.0186281355048
-0.0188916590352
-0.0185925081167
-0.0188003531705
-0.0188051300561
-0.0191014913508
-0.0194574459448
-0.0197870364127
-0.0190244028881
-0.019070029745
-0.0184777126244
-0.0186540442771
-0.0186095995697
-0.0180385311075
-0.0179598507525
-0.0188219542477
-0.0187790428432
-0.0189219450477
-0.019049342401
-0.0182818737448
-0.0188326942905
-0.0182923424166
-0.0177784572607
-0.0175838451907
-0.0179568413222
-0.0181731561702
-0.0176620412013
-0.0173901863819
-0.0173967057542
-0.018128253114
-0.0179293675467
-0.0182062111012
-0.0185383916566
-0.0184263645737
-0.017866111263
-0.018070504853
-0.0175620923446
-0.0175800777849
-0.0169400714751
-0.0168523437713
-0.0161243108838
-0.0157058807154
-0.0163249295014
-0.0173125665033
-0.0170056898869
-0.0170591485239
-0.0180126685485
-0.018496613039
-0.0178723771274
-0.0178870537494
-0.0185935794868
-0.0191277087903
-0.0190865122033
-0.0196899202671
-0.0203263523159
-0.0200812256926
-0.0202410622322
-0.021170848161
-0.0213336115929
-0.0216188348895
-0.0218558397991
-0.0214411919725
-0.0206274574487
-0.020496294137
-0.020567405597
-0.0205197425238
-0.0204301244507
-0.0210268163694
-0.0211947856786
-0.0208393745271
-0.0206384771749
-0.020901933068
-0.021008966597
-0.0214544725448
-0.0212972566966
-0.0215072857558
-0.0217237121762
-0.022285606841
-0.0214145690261
-0.0210099935654
-0.0215332850157
-0.0226695183741
-0.023011367966
-0.0235125479494
-0.0234861419169
-0.0238686540538
-0.0246015165923
-0.0246555431962
-0.0246384729382
-0.0243007779838
-0.0243751541155
-0.0244421874312
-0.0246048895883
-0.024661079914
-0.0257577760217
-0.0260175267255
-0.0255689182734
-0.0255622364199
-0.0255178886987
-0.0252925409055
-0.0255226737774
-0.0243931995559
-0.0253179861426
-0.0253881894976
-0.0259167673468
-0.026499981413
-0.0276299121297
-0.0280253642876
-0.0290144315975
-0.0292625843882
-0.028519567449
-0.0275370142823
-0.0275872388032
-0.0272746594957
-0.0274731802584
-0.0267072108183
-0.0264690773481
-0.026551689215
-0.0268587047892
-0.0265026006223
-0.0266571864092
-0.0260889530751
-0.0262423533275
-0.0258908076245
-0.0259310285261
-0.026835987016
-0.0274518807002
-0.0271247150874
-0.026558895554
-0.0265525264336
-0.0266796277913
-0.0261583267321
-0.0258031830024
-0.0255493131565
-0.025397694629
-0.025726777928
-0.0261087091266
-0.0253608222862
-0.0255430995873
-0.0259177523124
-0.0249609683531
-0.0240167988442
-0.0243501921485
-0.0236049405005
-0.0228556239067
-0.0223392239531
-0.0223031814316
-0.0217241072952
-0.0216688758878
-0.0216180464231
-0.0219648522009
-0.022385457779
-0.0219889839354
-0.0217152200944
-0.022569736708
-0.0228665516694
-0.024347067706
-0.0242428897615
-0.0241499272451
-0.0235933281889
-0.0238561617858
-0.0236307202661
-0.0237583367795
-0.0241236419378
-0.0239053399444
-0.0235440169739
-0.023281826736
-0.0242891134549
-0.023866721431
-0.0240114704001
-0.0241496540061
-0.0244126182186
-0.0236774259358
-0.0238660588578
-0.0233653022137
-0.0234710322441
-0.0223374297686
-0.0223511144016
-0.0223503796875
-0.023577024141
-0.0227179915388
-0.0232990734367
-0.0230961103331
-0.0247970394837
-0.0258210831417
-0.0257316307927
-0.0255270254761
-0.0256964917632
-0.0265665267795
-0.0262194752087
-0.0263429841231
-0.0255247999075
-0.0251000772616
-0.0239452417565
-0.0246489724035
-0.0252013070975
-0.0253996662785
-0.0260393578099
-0.0259070075488
-0.0261441799628
-0.0256127128611
-0.0257461179193
-0.0263234019438
-0.0253690153771
-0.0255593146737
-0.0250893888082
-0.0262905058199
-0.0263013941343
-0.0273556214217
-0.0263609796333
-0.0281774527662
-0.0284716763958
-0.030217826593
-0.0315399936816
-0.0302497189112
-0.0303140970509
-0.0295114445759
-0.0283194471045
-0.0278351663437
-0.0266903940341
-0.0279009860751
-0.0276774411017
-0.0260629409851
-0.0265230964053
-0.0276372595726
-0.0270251238682
-0.0264098471182
-0.0266372911062
-0.0253264258917
-0.0249123845338
-0.0240225000111
-0.0242875988016
-0.0239641560629
-0.0231075345293
-0.023024081732
-0.023209092772
-0.0240218064049
-0.0243363198287
-0.0235360280438
-0.0243520853824
-0.0222631346679
-0.0222209873395
-0.022119060377
-0.0212374483087
-0.0209034640679
-0.021411007892
-0.0203312168995
-0.0210897408052
-0.0214656907218
-0.0207209013682
-0.0220614341182
-0.0217654296391
-0.0222907031928
-0.0235075994057
-0.0223225113277
-0.0219179800964
-0.0221483696319
-0.0234433199512
-0.0245187264391
-0.0259645451044
-0.0243875875307
-0.0229533364658
-0.0217877159308
-0.0223059972854
-0.0228146587191
-0.0256513186189
-0.0260384634468
-0.0259171333335
-0.0286549847015
-0.0271885970194
-0.0256687116277
-0.0239913341837
-0.0231439144763
-0.0234148218776
-0.0221518241113
-0.0219581226042
-0.021712941818
-0.0214934081321
-0.0196486507868
-0.0187810080953
-0.0181531718965
-0.0197692477823
-0.0195036025609
-0.0187302966538
-0.0175478963104
-0.0173365777415
-0.0180188660288
-0.0181473061338
-0.0174501697587
-0.0177931760198
-0.0169993832819
-0.0164462019144
-0.015740063184
-0.0162522449135
-0.0176231731547
-0.0174387518666
-0.0167700454737
-0.0171029162943
-0.0165644067122
-0.0162621056267
-0.0163149994792
-0.0153649328455
-0.0156845414023
-0.0153393341976
-0.0141886096969
-0.0143438656969
-0.0137445677438
-0.0136331064944
-0.0130751107402
-0.0124247119332
-0.0131364420951
-0.0136238529717
-0.0135174690169
-0.0132934638683
-0.014180367684
-0.0146317176129
-0.0141517488294
-0.0151399512998
-0.0160564064382
-0.015384340447
-0.0145701392721
-0.0162998952263
-0.0161415198679
-0.0153716683058
-0.0152414093037
-0.0152784800826
-0.0159897300408
-0.0164439018291
-0.0158742115809
-0.0154641909914
-0.0152949579389
-0.0148944804379
-0.0150288028202
-0.0143769220919
-0.0147492515717
-0.0148255945441
-0.015216518846
-0.0164444389195
-0.0157545637558
-0.0165315234317
-0.0145714089115
-0.0153191519025
-0.0149597728118
-0.0149598817313
-0.0148226759976
-0.0147404569417
-0.0143191674859
-0.0137897055546
-0.0136026852872
-0.0136746628716
-0.0140256054187
-0.0143674148857
-0.013373184971
-0.0135831765914
-0.0133269119885
-0.0121948869318
-0.0124281720998
-0.0121747219083
-0.0121076087679
-0.0119048721121
-0.0113585588465
-0.0114239488245
-0.0121138828506
-0.0120680474463
-0.0119161411436
-0.0132591491239
-0.0126378481491
-0.0138474666998
-0.0151933004506
-0.015027518027
-0.0150828646255
-0.0152008420673
-0.0162747343221
-0.0165081111909
-0.0162480266202
-0.017207699524
-0.0162339154344
-0.0157396051559
-0.0155723662887
-0.0161241841863
-0.0160177600075
-0.0165859632415
-0.0170608950934
-0.0172063775354
-0.0171498490589
-0.0171542765781
-0.0158962406664
-0.0154593223132
-0.0162842662854
-0.0169199164417
-0.0155665771485
-0.0157243640322
-0.0158888576148
-0.0160765846322
-0.0159875217705
-0.0159126233431
-0.0154084208868
-0.0159014317681
-0.0149730022082
-0.0153570376988
-0.0149327740515
-0.0144905065935
-0.0142255918467
-0.0140211972587
-0.0138839344174
-0.013114979992
-0.0136415409571
-0.0140323827418
-0.0146400138176
-0.014037547673
-0.0141449137732
-0.0144914279884
-0.014575730296
-0.0146319805285
-0.0148347420116
-0.0146189635841
-0.0151471177893
-0.0159700375797
-0.0159543285364
-0.016062360363
-0.0153349761653
-0.0152989615892
-0.0144716701601
-0.0136494265651
-0.0133162052911
-0.0136412937227
-0.0139943699603
-0.0144129454803
-0.0135058261037
-0.0136483797508
-0.0144260720833
-0.013093993887
-0.0127639404201
-0.0132864911827
-0.0140700629991
-0.0138323952075
-0.0134045081588
-0.0139465157439
-0.0138705427732
-0.0139806004876
-0.0140607922639
-0.0149292883349
-0.0146148205269
-0.0145221582055
-0.015009793073
-0.0149376474938
-0.0156217400987
-0.0161765232127
-0.0162462201158
-0.0174614961963
-0.0174870909615
-0.016673842741
-0.0152321160805
-0.015692993246
-0.0163176804496
-0.0161630977937
-0.0160144794361
-0.0168986726718
-0.0168687186721
-0.0160687485823
-0.0151604161338
-0.0151763629832
-0.0152413082377
-0.0149674304194
-0.0155468046901
-0.0167108368788
-0.0166576515652
-0.0161506134489
-0.0165973691589
-0.0159833618002
-0.0164877864414
-0.017284451138
-0.0174264102776
-0.0186463457991
-0.0195147635818
-0.0195108474349
-0.0196051995926
-0.021657261801
-0.0212671800047
-0.0191744096438
-0.0180357795385
-0.0178844226835
-0.0147305377982
-0.0150919595981
-0.0139535837882
-0.0125514527822
-0.0126914830266
-0.0129006552372
-0.0131284298327
-0.0123494379129
-0.0117455414867
-0.0110854663432
-0.0108677628027
-0.0117380955176
-0.0113584958791
-0.0118142147658
-0.0111136145224
-0.01103987753
-0.00974599423184
-0.0102653339914
-0.00983136844408
-0.00953896924541
-0.00911752251071
-0.00982179551205
-0.0099615469622
-0.00894763186561
-0.00941715188083
-0.00851553047813
-0.00834817574915
-0.00834005409175
-0.00823057804698
-0.00861222114255
-0.00841520059251
-0.00884958435516
-0.00903174286447
-0.00947887188554
-0.00842747123487
-0.00738637986569
-0.0071508882623
-0.00756378831759
-0.00791761531868
-0.00866706763589
-0.00788427083899
-0.00830055979584
-0.00935671797706
-0.00918420584188
-0.00849805111372
-0.00865257484232
-0.00727394331674
-0.00672489795245
-0.00664071327957
-0.00753676224987
-0.00717146737948
-0.00779156518336
-0.00705981499552
-0.00651154481046
-0.00601605974163
-0.0047439309839
-0.00560938478117
-0.00633675380106
-0.00620904635632
-0.00644460424275
-0.006331977904
-0.00607787045783
-0.00574034877305
-0.00600194799254
-0.00566112715353
-0.00510498000167
-0.00512749308707
-0.00431303599195
-0.00448510930289
-0.00489235181813
-0.00532448842541
-0.00543307324543
-0.00454775979173
-0.00463091102976
-0.00360556319312
-0.00344335861621
-0.00237662258431
-0.00148567973734
-0.00191409788696
-0.00202768600662
-0.00211592089386
-0.00386950543093
-0.0039329281088
-0.00441248996769
-0.00353274006428
-0.00379792532125
-0.00381655989091
-0.0032983121962
-0.00304121107626
-0.00422424537344
-0.00347368957537
-0.00378892774167
-0.00375039951847
-0.00302021374334
-0.0038936017973
-0.00486240251644
-0.00553361510405
-0.00503769412558
-0.00453664663328
-0.0035273951281
-0.00363111368131
-0.0061734020448
-0.00655726835695
-0.00656815350883
-0.0079257286314
-0.00736375628535
-0.00887216562036
-0.0098745168753
-0.00882541036595
-0.010687979678
-0.0112021976763
-0.00900585674287
-0.00862796042447
-0.00919914449685
-0.00937436270938
-0.00873271758651
-0.00978852750153
-0.0109080280897
-0.0121257248106
-0.0114964978881
-0.0101473435302
-0.00861000881915
-0.00981874434739
-0.00869191137623
-0.00920738992182
-0.00724851952568
-0.00796117217861
-0.00541546461575
-0.00418563832825
-0.00489086114623
-0.00527818183964
-0.00572859158983
-0.00623509773723
-0.00596309247489
-0.00577971781478
-0.00478937569415
-0.00456285723144
-0.00605235735706
-0.00574433200124
-0.00563948444691
-0.00485060753544
-0.00443217577959
-0.003807230965
-0.00421860498846
-0.00374881493919
-0.0032188139103
-0.00437201390847
-0.00335100263881
-0.00349512217298
-0.00236096680073
-0.00220714429789
-0.00295979901392
-0.00214895581111
-0.00292288818782
-0.00277872418441
-0.0036367354617
-0.00369971175246
-0.00347841865447
-0.00390060743344
-0.0041833747777
-0.00450760000821
-0.00457349224766
-0.00371230699656
-0.00415279288099
-0.00366484992593
-0.00459317335659
-0.00389257584257
-0.00498744023641
-0.00522702052232
-0.00534261988475
-0.00473396996246
-0.00298389550752
-0.0032104469792
-0.00586384012456
-0.00435260339271
-0.00338038311219
-0.00415855101709
-0.00404873020217
-0.00512784477884
-0.00536849803843
-0.00655915286243
-0.00470166161523
-0.00428902802112
-0.00528243270522
-0.00424913165655
-0.00298720700443
-0.0030802542753
-0.00246281722458
-0.00294410518138
-0.00366869446178
-0.00366413428125
-0.00250252119044
-0.00477336014025
-0.00525678630287
-0.00591757989626
-0.00430438501045
-0.00467472608178
-0.00443314171114
-0.00503223655921
-0.00579476021887
-0.00452858518181
-0.00535875528117
-0.00408756384292
-0.00357077128539
-0.00273609483071
-0.00301812215121
-0.00412725350376
-0.00312427173618
-0.00218660146567
-0.00222442667472
-0.00214844926333
-0.00127029681766
-0.00250577921597
-0.00182838838529
-0.00177100571196
-0.00142554244423
-0.00237425346143
-0.00397041523472
-0.00495602599923
-0.00477782667585
-0.0041453431577
-0.00556569329042
-0.00533748718195
-0.00499981963306
-0.00618153699143
-0.00594463869041
-0.00486529361832
-0.0048402403666
-0.00672333996554
-0.00501613367042
-0.00384594074885
-0.0032480853655
-0.00305431388945
-0.00211964715268
-0.00218442959876
-0.00246182326672
-0.00222866989937
-0.00272238483518
-0.00230085245625
-0.00291467989149
-0.00373774995029
-0.00285238075699
-0.00251975023582
-0.00366568720684
-0.00362582011978
-0.00295992360224
-0.00316398622951
-0.00253895657503
-0.00163336280986
-0.00141924717839
-0.00134445919901
-0.000281468914557
-0.000317135585667
-0.000364530674269
-0.000740360620443
-0.000476306820476
-0.000630198752463
-0.000977442422928
-0.00112088030274
-0.000930268200672
-0.000320909066667
-7.45742688153e-05
-7.59551454258e-05
-0.000275237256855
-0.000676170983874
-0.00124432290757
-0.00130718091862
-0.00112704858402
-0.00102607045108
-0.000667939882755
-0.000195012359964
-0.000781032419526
-0.00105099860372
-0.00121625471079
-0.00122092447149
-0.00166147117937
-0.0020734973121
-0.00251552800218
-0.00365726592235
-0.00352220891786
-0.00448554929698
-0.00495173016409
-0.00385448812976
-0.00423049331364
-0.00323751452166
-0.00342198389446
-0.00371925737007
-0.00337509297602
-0.00399271675688
-0.00393385648391
-0.00305219569388
-0.0032766997712
-0.00316731831197
-0.0023463205638
-0.00281038171453
-0.00324676276344
-0.00362482968479
-0.00426488265443
-0.00467953073597
-0.00404147369075
-0.00441823766155
-0.00533876208016
-0.00524738798018
-0.0055742979684
-0.00538661723662
-0.005666442224
-0.00607191926188
-0.00523202562243
-0.00517084386958
-0.00475435385012
-0.00508991424474
-0.00369951837955
-0.00340914706529
-0.00344684987495
-0.00428543354308
-0.0042183123844
-0.0038157854306
-0.00322220368423
-0.00336269088562
-0.00293259353021
-0.00290149768757
-0.00339067384955
-0.00389286869187
-0.00418868277373
-0.00563526109627
-0.00492954308426
-0.00407229276191
-0.00476745760534
-0.00448424558736
-0.00354362276111
-0.00274527914883
-0.00281443384287
-0.00191511074136
-0.00252444053209
-0.00358122165775
-0.00428850300153
-0.00517939943988
-0.00390871128754
-0.00320615300354
-0.00335015241595
-0.00411738151708
-0.00375126243047
-0.00234351236673
-0.00253101713758
-0.00284609087002
-0.00179831734597
-0.00154129898394
-0.000744592296718
-0.00207890427784
-0.00246440594159
-0.00312210227147
-0.00271677566135
-0.00382124949161
-0.00593717423125
-0.00283084234242
-0.00194992593616
-0.00119047778849
-0.00152408278237
-0.00220888318472
-0.00203693086013
-0.00244073363409
-0.00228847720633
-0.0015325559869
-0.00328285729186
-0.00277428008073
-0.0026028490953
-0.00316223606782
-0.00283122662315
-0.00235652883069
-0.00204783254139
-0.00372726625572
-0.00338587893589
-0.00579705399408
-0.00525750736331
-0.00534680193931
-0.00818659875738
-0.0107118516662
-0.0096287520793
-0.00949488918869
-0.00894549178044
-0.0100031120545
-0.0105578909412
-0.00887795293051
-0.00820287335464
-0.00907647284216
-0.00923233870837
-0.00941273710567
-0.00982813548704
-0.0106805732215
-0.00959191130844
-0.00897164645544
-0.00851531429817
-0.00966173183921
-0.00757658622665
-0.0067978533218
-0.00619232543566
-0.00690702575521
-0.0069312165553
-0.00552187908025
-0.00545472410682
-0.00398537245267
-0.00422177058542
-0.00403460622
-0.0041331084219
-0.00470679296112
-0.0042334038599
-0.00466665534461
-0.00589363624061
-0.00438910150406
-0.00498487192187
-0.00519073435303
-0.00529305589116
-0.00390314381136
-0.00321264934654
-0.00277297275398
-0.00275251472108
-0.00230037946999
-0.00221168398343
-0.00276835658759
-0.00307877153302
-0.00221428082584
-0.00192384589811
-0.00445317238028
-0.00498560622891
-0.00539121945982
-0.00319642368527
